Sample,PA_Faecalibacterium prausnitzii,PA_Streptococcus salivarius,PA_Anaerostipes hadrus,PA_Bacteroides stercoris,PA_Collinsella aerofaciens,PA_Bifidobacterium longum,PA_Phocaeicola plebeius,PA_Phocaeicola vulgatus,PA_Dorea longicatena,PA_Eubacterium sp. CAG:251,PA_Fusicatenibacter saccharivorans,PA_Coprococcus comes,PA_[Ruminococcus] torques,PA_Anaerobutyricum hallii,PA_Holdemanella biformis,PA_Bacteroides uniformis,PA_Blautia wexlerae,PA_Gemmiger formicilis,PA_Dorea formicigenerans,PA_Streptococcus parasanguinis,PA_Coprococcus eutactus,PA_[Ruminococcus] lactaris,PA_Coprococcus catus,PA_Roseburia intestinalis,PA_Roseburia inulinivorans,PA_Phascolarctobacterium succinatutens,PA_[Eubacterium] rectale,PA_Blautia obeum,PA_Agathobaculum butyriciproducens,PA_Bacteroides xylanisolvens,PA_Bacteroides ovatus,PA_Bacteroides thetaiotaomicron,PA_Streptococcus thermophilus,PA_Eubacterium ramulus,PA_Bifidobacterium adolescentis,PA_Eubacterium sp. CAG:274,PA_Eubacterium ventriosum,PA_Flavonifractor plautii,PA_Oscillibacter sp. 57_20,PA_Roseburia hominis,PA_Alistipes finegoldii,PA_Alistipes putredinis,PA_Veillonella atypica,PA_Ruminococcus bromii,PA_Firmicutes bacterium CAG:83,PA_Veillonella parvula,PA_Lachnospira eligens,PA_[Ruminococcus] gnavus,PA_Bacteroides eggerthii,PA_Roseburia faecis,PA_Phocaeicola coprocola,PA_Adlercreutzia equolifaciens,PA_Gordonibacter pamelaeae,PA_Eubacterium sp. CAG:180,PA_Parabacteroides merdae,PA_Phocaeicola dorei,PA_[Eubacterium] siraeum,PA_Barnesiella intestinihominis,PA_Methanobrevibacter smithii,PA_Firmicutes bacterium CAG:145,PA_Bacteroides cellulosilyticus,PA_Adlercreutzia equolifaciens_1,PA_Ruminococcus bicirculans,PA_Firmicutes bacterium CAG:110,PA_Parabacteroides distasonis,PA_Ruthenibacterium lactatiformans,PA_Odoribacter splanchnicus,PA_Oscillibacter sp. CAG:241,PA_Alistipes shahii,PA_Eggerthella lenta,PA_Escherichia coli,PA_Butyricimonas virosa,PA_Bacteroides sp. CAG:144,PA_Intestinibacter bartlettii,PA_Erysipelatoclostridium ramosum,PA_Slackia isoflavoniconvertens,PA_Clostridium sp. CAG:58,PA_Akkermansia muciniphila,PA_Bacteroides intestinalis,PA_Bifidobacterium pseudocatenulatum,PA_Eubacterium sp. CAG:38,PA_Bacteroides fragilis,PA_Bifidobacterium bifidum,PA_Blautia sp. CAG:257,PA_Parasutterella excrementihominis,PA_Proteobacteria bacterium CAG:139,PA_Lawsonibacter asaccharolyticus,PA_Coprobacter fastidiosus,PA_Alistipes inops,PA_Bacteroides finegoldii,PA_Paraprevotella xylaniphila,PA_Dialister invisus,PA_Enterocloster bolteae,PA_Bacteroides caccae,PA_Desulfovibrio piger,PA_Lachnospira pectinoschiza,PA_Prevotella copri,PA_Phocaeicola massiliensis,PA_Megamonas funiformis,PA_Phascolarctobacterium faecium,PA_Acidaminococcus intestini,PA_Anaerotignum lactatifermentans,PA_Bacteroides salyersiae,PA_Parvimonas micra,PA_Klebsiella pneumoniae,PA_Klebsiella variicola,PA_Klebsiella quasipneumoniae,rCLR_Faecalibacterium prausnitzii,rCLR_Streptococcus salivarius,rCLR_Anaerostipes hadrus,rCLR_Bacteroides stercoris,rCLR_Collinsella aerofaciens,rCLR_Bifidobacterium longum,rCLR_Phocaeicola plebeius,rCLR_Phocaeicola vulgatus,rCLR_Dorea longicatena,rCLR_Eubacterium sp. CAG:251,rCLR_Fusicatenibacter saccharivorans,rCLR_Coprococcus comes,rCLR_[Ruminococcus] torques,rCLR_Anaerobutyricum hallii,rCLR_Holdemanella biformis,rCLR_Bacteroides uniformis,rCLR_Blautia wexlerae,rCLR_Gemmiger formicilis,rCLR_Dorea formicigenerans,rCLR_Streptococcus parasanguinis,rCLR_Coprococcus eutactus,rCLR_[Ruminococcus] lactaris,rCLR_Coprococcus catus,rCLR_Roseburia intestinalis,rCLR_Roseburia inulinivorans,rCLR_Phascolarctobacterium succinatutens,rCLR_[Eubacterium] rectale,rCLR_Blautia obeum,rCLR_Agathobaculum butyriciproducens,rCLR_Bacteroides xylanisolvens,rCLR_Bacteroides ovatus,rCLR_Bacteroides thetaiotaomicron,rCLR_Streptococcus thermophilus,rCLR_Eubacterium ramulus,rCLR_Bifidobacterium adolescentis,rCLR_Eubacterium sp. CAG:274,rCLR_Eubacterium ventriosum,rCLR_Flavonifractor plautii,rCLR_Oscillibacter sp. 57_20,rCLR_Roseburia hominis,rCLR_Alistipes finegoldii,rCLR_Alistipes putredinis,rCLR_Veillonella atypica,rCLR_Ruminococcus bromii,rCLR_Firmicutes bacterium CAG:83,rCLR_Veillonella parvula,rCLR_Lachnospira eligens,rCLR_[Ruminococcus] gnavus,rCLR_Bacteroides eggerthii,rCLR_Roseburia faecis,rCLR_Phocaeicola coprocola,rCLR_Adlercreutzia equolifaciens,rCLR_Gordonibacter pamelaeae,rCLR_Eubacterium sp. CAG:180,rCLR_Parabacteroides merdae,rCLR_Phocaeicola dorei,rCLR_[Eubacterium] siraeum,rCLR_Barnesiella intestinihominis,rCLR_Methanobrevibacter smithii,rCLR_Firmicutes bacterium CAG:145,rCLR_Bacteroides cellulosilyticus,rCLR_Adlercreutzia equolifaciens_1,rCLR_Ruminococcus bicirculans,rCLR_Firmicutes bacterium CAG:110,rCLR_Parabacteroides distasonis,rCLR_Ruthenibacterium lactatiformans,rCLR_Odoribacter splanchnicus,rCLR_Oscillibacter sp. CAG:241,rCLR_Alistipes shahii,rCLR_Eggerthella lenta,rCLR_Escherichia coli,rCLR_Butyricimonas virosa,rCLR_Bacteroides sp. CAG:144,rCLR_Intestinibacter bartlettii,rCLR_Erysipelatoclostridium ramosum,rCLR_Slackia isoflavoniconvertens,rCLR_Clostridium sp. CAG:58,rCLR_Akkermansia muciniphila,rCLR_Bacteroides intestinalis,rCLR_Bifidobacterium pseudocatenulatum,rCLR_Eubacterium sp. CAG:38,rCLR_Bacteroides fragilis,rCLR_Bifidobacterium bifidum,rCLR_Blautia sp. CAG:257,rCLR_Parasutterella excrementihominis,rCLR_Proteobacteria bacterium CAG:139,rCLR_Lawsonibacter asaccharolyticus,rCLR_Coprobacter fastidiosus,rCLR_Alistipes inops,rCLR_Bacteroides finegoldii,rCLR_Paraprevotella xylaniphila,rCLR_Dialister invisus,rCLR_Enterocloster bolteae,rCLR_Bacteroides caccae,rCLR_Desulfovibrio piger,rCLR_Lachnospira pectinoschiza,rCLR_Prevotella copri,rCLR_Phocaeicola massiliensis,rCLR_Megamonas funiformis,rCLR_Phascolarctobacterium faecium,rCLR_Acidaminococcus intestini,rCLR_Anaerotignum lactatifermentans,rCLR_Bacteroides salyersiae,rCLR_Parvimonas micra,rCLR_Klebsiella pneumoniae,rCLR_Klebsiella variicola,rCLR_Klebsiella quasipneumoniae,Age
MMRS14602194ST-27-0-0,0.20765632640815612,0.3555078189191324,0.39977162430339336,0.9575913178780767,0.4981538398499485,-2.0074120081082087,-0.696692268479466,0.40637127688715774,0.5621940733997498,-0.5591614245528839,0.40965362436334296,0.7029350233548073,0.8292814004884069,0.4355405266462447,-0.5043024763515651,0.30409393002749957,0.3340619316525473,0.632019806503461,0.6016064285778254,0.48580832882948527,-0.46088013755565277,1.2937094768634556,0.7925939239012171,0.8531653746270914,0.516558726289408,1.8590697541720143,0.6016064285778253,0.43873484351120123,0.37966319830099965,0.6259239745510697,0.5743195381816405,-1.9950920171417519,-0.9689846736197243,-1.3915517183960857,0.9463204468147677,-0.5955389715767277,-1.1304985209320695,0.34488074935770646,0.9728104405570004,0.6289709020331511,0.7471828481629895,0.6472977780031547,-0.8292814004884067,0.7407971974871923,0.6998114534510217,-1.0484147813337086,0.693577366039446,0.6167939547439611,1.5376080159117362,0.7091957274840681,-0.4419209404939517,0.8191780219091251,0.5043024763515651,1.3976724838434158,0.7249313936680669,-1.2937094768634554,1.1259916264596033,0.9575913178780767,1.7883923248096367,1.266936543449673,1.1350278799607911,0.8292814004884069,-1.069326851627609,1.5091121081081782,0.46401616866730944,0.32302914123489945,0.6350707969408387,1.0158740079360236,0.8025041713186409,0.5985722763822894,0.6780635036208104,0.9651730079945339,-0.4419209404939517,1.1487535432791263,0.9882579099091767,-0.6137538325238135,1.3046561461068842,-1.0525606003586614,-0.4981538398499486,-0.9168313422570846,0.9388724521901158,0.9921567416492215,-0.49507377148833714,-0.6534265774628635,1.1816202499510322,-0.6998114534510219,0.5803810000880093,-0.6472977780031546,-0.5985722763822894,-0.5439837932759934,-0.607677741238533,-0.5985722763822894,0.7827505430840739,0.7860244238600087,-0.3864211005733587,1.158021513135569,1.2722250984125916,-0.665719023448946,-0.37284507897355734,-0.8670202638526014,-0.35901098714230023,-0.4765009339934376,-0.4671460367639531,-0.5894744321009994,-0.5500582719713455,-0.4919896236009976,-0.4259053284912144,1.2020235465055302,-0.2398169834288326,-0.8941252786456831,-4.277327391437193,-0.4154363104139572,-0.35850949675155724,-0.31716710585544566,1.101337600536254,-0.06833557855768996,-0.21564522853358306,1.056571823916085,1.2340008861494944,-4.511248862372638,0.32262058689079826,0.0686283403199079,1.4578899442309634,0.918294829796595,-0.5934541713922019,0.5608917913588263,0.07411682075196473,-0.156845642495021,1.4952514872815108,-0.3566097558669776,2.2194192397507506,-0.06333467768343175,2.0878334056402093,1.4198032016767965,0.41329625538832104,0.9102940292785352,-0.8543218509939782,1.7482454290128238,-0.5174990394742752,0.2881774380093117,0.4596186572250639,-3.8972371675119337,0.16340785397463747,0.3172843771056158,1.1521495435278595,2.134671406490677,-0.4262482956767876,-0.1387434933975092,1.2839225199655948,0.49910992770790485,0.8464791959346708,1.6290272691028473,0.5190260800964341,1.412446089293276,1.3039648713539795,2.179542935051533,1.5237041632177022,-0.33594760155117104,0.03532108129982787,0.5591111751061136,2.216083908487859,1.620057945828671,-0.40297080900076027,1.99854475208166,-1.791607069610325,-5.784610373182261,-2.303921976432842,-0.7212064978114038,-0.16042374817865898,-0.1966678812242927,-2.7973627082825336,0.6683710185666489,0.9753956240863059,0.7416353291864548,0.27642553796378855,-0.46184685982884055,0.27380044175013457,0.8004352697126708,-1.9611212128242173,0.03658807275987502,-1.0142771945805025,-2.160045853941552,0.37108848653975496,1.1094028734055519,-0.05849025814880794,0.1413723002853744,0.003996992772675076,0.28658359059747235,-2.8691397304454456,-0.12502173439532624,0.39805320586416415,-2.6321047479564768,0.330041418625249,0.9893843499065237,0.2532746361620282,0.05156329892197445,-0.0010783505786976118,0.0488820921805642,0.31573800396108026,-1.0155598977904523,1.068840063458925,-0.0039056079515206823,-2.085089995963297,-3.2412940715216685,-0.14401893028258947,0.0827079781355667,0.06416253283864368,-0.10689714803448062,0.21021946233342223,-0.043225798785388875,0.38884842755045307,0.06015517393370815,0.187194503146667,0.15313006763927145,1.981152598343278
MMRS15137911ST-27-0-0,0.20765632640815612,0.3555078189191324,0.39977162430339336,-1.0442868281386433,-2.0074120081082087,0.4981538398499485,-0.696692268479466,0.40637127688715774,0.5621940733997498,-0.5591614245528839,0.40965362436334296,0.7029350233548073,0.8292814004884069,0.4355405266462447,-0.5043024763515651,0.30409393002749957,0.3340619316525473,0.632019806503461,0.6016064285778254,0.48580832882948527,-0.46088013755565277,-0.7729710710819389,0.7925939239012171,0.8531653746270914,0.516558726289408,-0.5379034314101767,0.6016064285778253,0.43873484351120123,0.37966319830099965,-1.5976381168611218,0.5743195381816405,0.5012300141587652,-0.9689846736197243,0.7186222306940978,-1.056724498943157,-0.5955389715767277,0.8845655093608824,0.34488074935770646,0.9728104405570004,0.6289709020331511,0.7471828481629895,0.6472977780031547,1.205863292497635,0.7407971974871923,-1.4289563211185536,-1.0484147813337086,0.693577366039446,0.6167939547439611,-0.6503608134528632,0.7091957274840681,-0.4419209404939517,0.8191780219091251,0.5043024763515651,1.3976724838434158,-1.3794408805226641,0.7729710710819387,1.1259916264596033,-1.0442868281386433,1.7883923248096367,1.266936543449673,-0.8810356271024322,0.8292814004884069,-1.069326851627609,1.5091121081081782,0.46401616866730944,0.32302914123489945,0.6350707969408387,-0.9843740386976972,0.8025041713186409,0.5985722763822894,0.6780635036208104,-1.0360836779696423,-0.4419209404939517,-0.8705087404087497,0.9882579099091767,1.6293177280668143,1.3046561461068842,0.9500640624960203,2.0074120081082087,-0.9168313422570846,0.9388724521901158,0.9921567416492215,-0.49507377148833714,1.530393826163022,-0.8462955844243877,-0.6998114534510219,0.5803810000880093,-0.6472977780031546,-0.5985722763822894,-0.5439837932759934,-0.607677741238533,-0.5985722763822894,0.7827505430840739,0.7860244238600087,-0.3864211005733587,-0.8635418156371768,1.2722250984125916,-0.665719023448946,-0.37284507897355734,1.153375580354378,-0.35901098714230023,-0.4765009339934376,-0.4671460367639531,-0.5894744321009994,-0.5500582719713455,-0.4919896236009976,-0.4259053284912144,-0.40366007470086496,0.48277694311050656,-0.1810773445116427,-0.4060914323390292,-0.5090816959191894,-1.4836012932732026,-0.31716710585544566,1.058020783317246,1.208772811387251,-0.21564522853358306,-0.6199376238030712,1.220104939261204,1.182976043989961,1.894986480519234,0.0686283403199079,-2.8181555936408746,-1.520635865438875,-0.6906903139387789,0.0504523413192611,0.1545726076053971,-0.156845642495021,-0.18463804797110417,-0.7911372489632916,-0.44138455747037064,0.5636039896124908,-0.34499006011460803,-0.018116924240861608,-0.10485737200548262,-3.4799199046359703,0.1475985665805742,-2.7185655376453144,-3.22608134010059,0.2881774380093117,-1.1552112502269454,-0.2438662803471941,0.16340785397463747,1.0114760263056888,0.6972242277269174,0.4546792653830993,0.7068503875587124,1.4323631247674613,0.9053555852933166,-2.8386456448802933,1.583445999077862,0.09800546972825085,0.5190260800964341,-2.090490981343966,0.011955191712137,-0.0004854392127598764,-2.7324692403726925,-0.33594760155117104,-0.40496914534868955,1.6419559176235294,-2.683073932038087,-0.4365207864410551,-1.4207476873216374,0.9875278260529067,-0.3686624587198658,2.822404901908547,-0.8115819581255946,0.1381765159557322,0.06984831195786056,-0.1966678812242927,0.36209979959710625,1.6262856548721125,1.7952724382034415,1.6899965059057256,0.3412087405459782,1.1352452007430778,1.2368775455678958,1.0465951235415392,0.5815486608661747,0.03658807275987502,0.5821143333743205,0.5413377466451047,-3.642361992510801,1.8269538754174177,1.5694925419735037,3.1044208069447707,0.003996992772675076,0.7168883330454364,0.9297033362766844,-0.12502173439532624,1.5116144127296764,0.30457667769663727,0.330041418625249,1.673278147125676,0.2532746361620282,0.05156329892197445,-0.0010783505786976118,0.0488820921805642,0.31573800396108026,2.0042317946799035,-4.042059384813981,-0.0039056079515206823,-0.36271050453489795,-1.8001504190984317,-0.14401893028258947,0.0827079781355667,0.9115826333644704,-0.10689714803448062,0.21021946233342223,-0.043225798785388875,0.38884842755045307,0.06015517393370815,0.187194503146667,0.15313006763927145,0.10543949402947403
MMRS17603756ST-27-0-0,0.20765632640815612,0.3555078189191324,0.39977162430339336,0.9575913178780767,0.4981538398499485,-2.0074120081082087,-0.696692268479466,0.40637127688715774,0.5621940733997498,-0.5591614245528839,0.40965362436334296,0.7029350233548073,0.8292814004884069,0.4355405266462447,1.9829369215765427,0.30409393002749957,0.3340619316525473,-1.5822288949017675,0.6016064285778254,0.48580832882948527,2.169761546469871,-0.7729710710819389,0.7925939239012171,0.8531653746270914,0.516558726289408,1.8590697541720143,0.6016064285778253,0.43873484351120123,0.37966319830099965,0.6259239745510697,0.5743195381816405,0.5012300141587652,-0.9689846736197243,0.7186222306940978,-1.056724498943157,-0.5955389715767277,-1.1304985209320695,0.34488074935770646,0.9728104405570004,0.6289709020331511,0.7471828481629895,0.6472977780031547,1.205863292497635,0.7407971974871923,-1.4289563211185536,0.953820966476532,0.693577366039446,0.6167939547439611,-0.6503608134528632,0.7091957274840681,-0.4419209404939517,-1.2207358757861475,0.5043024763515651,-0.715475200062701,0.7249313936680669,0.7729710710819387,-0.8881060715737715,0.9575913178780767,-0.5591614245528839,-0.7893055142897324,1.1350278799607911,-1.205863292497635,-1.069326851627609,-0.6626412939285202,0.46401616866730944,0.32302914123489945,0.6350707969408387,-0.9843740386976972,0.8025041713186409,0.5985722763822894,-1.4747881203752626,-1.0360836779696423,-0.4419209404939517,1.1487535432791263,-1.0118816049667665,1.6293177280668143,-0.7664854858377945,-1.0525606003586614,-0.4981538398499486,-0.9168313422570846,0.9388724521901158,-1.0079052613579393,-0.49507377148833714,1.530393826163022,1.1816202499510322,1.4289563211185534,-1.723006094011278,-0.6472977780031546,-0.5985722763822894,-0.5439837932759934,1.64560906568975,-0.5985722763822894,0.7827505430840739,0.7860244238600087,-0.3864211005733587,1.158021513135569,1.2722250984125916,1.5021352323976216,-0.37284507897355734,-0.8670202638526014,2.7854300726557777,2.0986317731200335,-0.4671460367639531,-0.5894744321009994,-0.5500582719713455,-0.4919896236009976,-0.4259053284912144,-1.883544508276717,1.4405897330202986,-1.9085927179732118,2.5745572812072455,0.2545862387960808,-0.35850949675155724,-0.31716710585544566,1.1450629853504262,0.015490341589069026,-0.21564522853358306,-0.4970873214924861,-0.10213660867678043,0.0848271245498568,-0.3978295037973661,-0.4769951424129137,-0.012923780559153745,-2.1481951387611686,0.48440685848260406,-0.2284240550294767,1.5063332260487332,-7.4715336441403375,-0.18463804797110417,-2.211940972622443,1.6812458615316452,0.8245415541315071,1.6858168108855098,0.16435941518352715,-0.27423378388508896,-0.9164671769558436,1.9345886381063233,-0.20389715853830032,1.024638418569002,0.2881774380093117,0.5253522945923004,-0.2438662803471941,0.16340785397463747,0.3172843771056158,-0.05158791713491331,1.4492011979883352,-0.1213480858051469,2.637590020185692,1.285634121940741,-0.38377942163619877,0.0429719707699322,0.09800546972825085,-0.7517030041528397,0.18466560831001394,-0.8802919663298578,-0.0004854392127598764,-0.10323773840204568,-0.33594760155117104,0.7143524278566041,-0.8330711839380457,-0.26658542310500344,0.07884556641088497,-0.04177770839579255,-0.14038494358390033,1.6481423975930305,-0.0377138447877509,0.4843375777830918,0.1106811101471342,0.7396605731913642,-0.1966678812242927,0.19422272045521913,0.321557318035318,-0.3205508290128127,1.8548128402850546,0.3412087405459782,-0.5666345216686183,-0.12943125543493053,-0.0634935875073844,0.5815486608661747,0.03658807275987502,-2.2794172563181783,0.4390773072449429,0.1939222304237534,0.18074942844497144,-0.05849025814880794,0.1413723002853744,0.003996992772675076,-0.14767360204354685,-0.04908870993642331,-0.12502173439532624,-2.4137349769512193,-0.10904978338205358,-2.844475987593234,0.9589506284434771,0.2532746361620282,0.05156329892197445,-0.0010783505786976118,-0.34840337829639145,0.31573800396108026,0.8765440582706617,2.0962075356247865,-0.0039056079515206823,-6.478236595479649,-2.00186859034709,2.880359318926899,0.0827079781355667,0.06416253283864368,3.7485968372188117,0.43968720784173293,-0.043225798785388875,0.38884842755045307,0.06015517393370815,0.187194503146667,0.15313006763927145,0.01165383881378382
MMRS20257302ST-27-0-0,0.20765632640815612,0.3555078189191324,0.39977162430339336,-1.0442868281386433,0.4981538398499485,-2.0074120081082087,-0.696692268479466,0.40637127688715774,0.5621940733997498,-0.5591614245528839,0.40965362436334296,0.7029350233548073,0.8292814004884069,0.4355405266462447,1.9829369215765427,0.30409393002749957,0.3340619316525473,0.632019806503461,0.6016064285778254,0.48580832882948527,2.169761546469871,1.2937094768634556,0.7925939239012171,0.8531653746270914,-1.9358883106733893,1.8590697541720143,0.6016064285778253,0.43873484351120123,0.37966319830099965,0.6259239745510697,0.5743195381816405,0.5012300141587652,-0.9689846736197243,-1.3915517183960857,0.9463204468147677,1.6791512356486686,0.8845655093608824,0.34488074935770646,0.9728104405570004,0.6289709020331511,0.7471828481629895,0.6472977780031547,-0.8292814004884067,0.7407971974871923,0.6998114534510217,-1.0484147813337086,0.693577366039446,-1.6212869667555554,1.5376080159117362,0.7091957274840681,-0.4419209404939517,0.8191780219091251,0.5043024763515651,1.3976724838434158,0.7249313936680669,0.7729710710819387,1.1259916264596033,0.9575913178780767,1.7883923248096367,-0.7893055142897324,1.1350278799607911,0.8292814004884069,-1.069326851627609,1.5091121081081782,0.46401616866730944,0.32302914123489945,0.6350707969408387,1.0158740079360236,0.8025041713186409,-1.6706420251266882,0.6780635036208104,0.9651730079945339,-0.4419209404939517,-0.8705087404087497,-1.0118816049667665,1.6293177280668143,1.3046561461068842,0.9500640624960203,2.0074120081082087,-0.9168313422570846,0.9388724521901158,-1.0079052613579393,-0.49507377148833714,1.530393826163022,-0.8462955844243877,-0.6998114534510219,0.5803810000880093,1.5448840301675293,-0.5985722763822894,-0.5439837932759934,1.64560906568975,-0.5985722763822894,0.7827505430840739,0.7860244238600087,2.5878504008094634,1.158021513135569,1.2722250984125916,1.5021352323976216,-0.37284507897355734,-0.8670202638526014,-0.35901098714230023,-0.4765009339934376,-0.4671460367639531,-0.5894744321009994,-0.5500582719713455,-0.4919896236009976,-0.4259053284912144,-0.19920680805962895,-0.22210936146247812,0.054312090681695645,-0.4060914323390292,0.41917262056344784,-0.35850949675155724,-0.31716710585544566,1.0451471636048328,1.4945132056398431,-0.21564522853358306,0.02729537630312715,-0.2160991100023702,-0.27787949497667275,-0.026159159680534685,0.30738531213226633,0.9509058674719121,-1.2904037335685132,-0.2270002800999349,1.3807616870241586,-0.47380667328554993,-1.6836194997279232,-2.424075111250969,-0.17038045066578222,0.4804704577691192,-0.2431373583515788,1.893820068591672,1.2417034212952287,0.3262501455655402,0.6766626526730896,-1.4009424419226826,-0.6135011676111076,-0.14937068246301027,0.2881774380093117,0.4596186572250639,-1.1749228100776226,-4.822227874468241,-0.15257054242241225,0.7722740244629378,2.1616456423161625,-1.1617963983257873,0.5850592666799082,-0.9009671802850668,0.49910992770790485,0.5628378342642806,-0.3431515410119082,0.5190260800964341,0.12966021470212052,0.005381800167479995,-0.8218630212009952,-0.8521254314729617,-0.33594760155117104,-2.0956236634591385,-2.3782788216252264,-0.15196078360133516,0.14303879911080158,0.696395041753378,2.3412732587755527,-4.191525764515853,1.2574773080806607,0.4843375777830918,0.6244427830295631,-2.721544880257575,-0.1966678812242927,1.7775470765185366,-0.3754354437151334,0.30548242411989024,0.6858209828847487,2.4386417755857095,-0.8775915407545634,0.6399971455393446,0.09140065557624191,0.6652918632458562,0.03658807275987502,0.5821143333743205,0.4390773072449429,0.4332229825680846,0.35000537382138625,0.9977655956463845,1.2873270031678896,0.003996992772675076,-1.488314983553056,-0.04908870993642331,-0.12502173439532624,-1.1221903311006562,0.30457667769663727,0.330041418625249,0.5291630486190763,-1.8140424391057066,0.05156329892197445,-0.0010783505786976118,4.30740971077103,0.31573800396108026,0.7989455809752555,1.0705215931353271,3.6081755435764453,0.5660148826108171,-1.1474721243513748,-1.8594864088539982,0.0827079781355667,0.06416253283864368,-0.10689714803448062,0.21021946233342223,-0.043225798785388875,0.38884842755045307,0.06015517393370815,0.187194503146667,0.15313006763927145,-0.08213181640190638
MMRS25211151ST-27-0-0,0.20765632640815612,0.3555078189191324,0.39977162430339336,-1.0442868281386433,-2.0074120081082087,-2.0074120081082087,1.4353539507227553,0.40637127688715774,-1.7787451830516672,-0.5591614245528839,0.40965362436334296,0.7029350233548073,0.8292814004884069,0.4355405266462447,-0.5043024763515651,0.30409393002749957,0.3340619316525473,0.632019806503461,0.6016064285778254,0.48580832882948527,-0.46088013755565277,1.2937094768634556,0.7925939239012171,0.8531653746270914,0.516558726289408,1.8590697541720143,0.6016064285778253,0.43873484351120123,0.37966319830099965,-1.5976381168611218,0.5743195381816405,0.5012300141587652,-0.9689846736197243,0.7186222306940978,-1.056724498943157,-0.5955389715767277,-1.1304985209320695,0.34488074935770646,0.9728104405570004,0.6289709020331511,0.7471828481629895,0.6472977780031547,1.205863292497635,-1.3498971154211057,0.6998114534510217,-1.0484147813337086,0.693577366039446,0.6167939547439611,-0.6503608134528632,0.7091957274840681,-0.4419209404939517,0.8191780219091251,0.5043024763515651,-0.715475200062701,-1.3794408805226641,0.7729710710819387,1.1259916264596033,0.9575913178780767,-0.5591614245528839,1.266936543449673,1.1350278799607911,0.8292814004884069,0.9351677632315252,-0.6626412939285202,0.46401616866730944,0.32302914123489945,0.6350707969408387,1.0158740079360236,-1.2460994418967843,0.5985722763822894,0.6780635036208104,0.9651730079945339,2.262848189276259,-0.8705087404087497,0.9882579099091767,-0.6137538325238135,1.3046561461068842,0.9500640624960203,-0.4981538398499486,1.0907131485472212,-1.0651074037450896,-1.0079052613579393,-0.49507377148833714,1.530393826163022,1.1816202499510322,1.4289563211185534,0.5803810000880093,1.5448840301675293,1.6706420251266885,-0.5439837932759934,-0.607677741238533,-0.5985722763822894,0.7827505430840739,0.7860244238600087,-0.3864211005733587,-0.8635418156371768,1.2722250984125916,-0.665719023448946,-0.37284507897355734,-0.8670202638526014,-0.35901098714230023,2.0986317731200335,-0.4671460367639531,1.6964264190998228,-0.5500582719713455,-0.4919896236009976,-0.4259053284912144,-0.49424281065773523,0.15276762868193144,0.09036646072888545,-0.4060914323390292,-0.5090816959191894,-0.35850949675155724,-3.3157339807282575,1.174911089702821,-0.6022394901432669,-0.21564522853358306,1.5605331425573075,-1.308765698774723,0.08490002230570326,0.703350599472678,0.0686283403199079,1.3967364512457041,0.7790386648820647,-1.602123430910146,-0.2898476807594773,0.5042969569360242,-0.156845642495021,2.6902461151835113,-0.01031820798355588,1.4679519566866062,-0.27685807150050507,1.8195226131194928,0.3745921892247903,0.9077701426470968,-0.16485206309031553,0.1475985665805742,1.6715794389027598,0.9608523751830662,0.2881774380093117,0.16309325720321444,-0.2438662803471941,0.16340785397463747,0.3172843771056158,0.16314009298147236,0.453929828972319,1.7061944610450315,-0.17455408458459185,1.223439459641497,-1.1036123826019388,-0.4314852075923364,1.2190155005903351,0.5190260800964341,1.8589320768391964,-0.2363879227777008,-0.0004854392127598764,-1.6064533777084054,-0.33594760155117104,-0.36130204523143716,-1.3098120867254917,-0.26658542310500344,-0.4365207864410551,-2.3878154361365636,-2.736650581363665,1.24170423468555,-0.0377138447877509,0.4496707079519892,1.4760547288913675,0.2021790383727693,2.3513253263881357,0.19422272045521913,0.8380831837245477,-1.31740373038006,1.19740831387077,-4.168659555936254,0.5199594511383402,-3.586181024149383,0.07497533290573087,-0.6081995809843024,-0.25829443123821366,0.5821143333743205,0.02355309999166743,0.37108848653975496,1.2745758888914538,1.5902865634712515,0.1413723002853744,-0.932550595539211,0.14574212376318435,-0.04908870993642331,-0.12502173439532624,-1.8473727642989801,1.3745809937177382,-0.2855403897757212,-0.25600026480191185,1.6558212311364928,0.7109479667122931,-0.0010783505786976118,0.0488820921805642,0.31573800396108026,-1.0854343345522826,2.3333176080761793,-0.0039056079515206823,-0.36271050453489795,-1.3639381054843556,-0.14401893028258947,0.0827079781355667,0.06416253283864368,-0.10689714803448062,0.6133051210127206,-0.043225798785388875,-1.3887723472866076,0.06015517393370815,0.187194503146667,0.15313006763927145,-0.2697031268332868
MMRS25641480ST-27-0-0,0.20765632640815612,0.3555078189191324,-2.5014281634983764,0.9575913178780767,0.4981538398499485,0.4981538398499485,-0.696692268479466,0.40637127688715774,0.5621940733997498,-0.5591614245528839,0.40965362436334296,-1.4226065948847293,0.8292814004884069,-2.2959975910857584,1.9829369215765427,0.30409393002749957,0.3340619316525473,0.632019806503461,0.6016064285778254,0.48580832882948527,-0.46088013755565277,-0.7729710710819389,-1.2616801237611213,0.8531653746270914,0.516558726289408,-0.5379034314101767,0.6016064285778253,0.43873484351120123,-2.633913438213185,0.6259239745510697,0.5743195381816405,0.5012300141587652,-0.9689846736197243,0.7186222306940978,-1.056724498943157,-0.5955389715767277,-1.1304985209320695,0.34488074935770646,0.9728104405570004,0.6289709020331511,0.7471828481629895,0.6472977780031547,-0.8292814004884067,-1.3498971154211057,0.6998114534510217,-1.0484147813337086,0.693577366039446,0.6167939547439611,-0.6503608134528632,-1.4100479758212652,-0.4419209404939517,0.8191780219091251,0.5043024763515651,-0.715475200062701,0.7249313936680669,0.7729710710819387,-0.8881060715737715,0.9575913178780767,1.7883923248096367,1.266936543449673,1.1350278799607911,0.8292814004884069,0.9351677632315252,-0.6626412939285202,0.46401616866730944,0.32302914123489945,0.6350707969408387,-0.9843740386976972,0.8025041713186409,0.5985722763822894,0.6780635036208104,-1.0360836779696423,-0.4419209404939517,1.1487535432791263,0.9882579099091767,-0.6137538325238135,-0.7664854858377945,0.9500640624960203,-0.4981538398499486,-0.9168313422570846,-1.0651074037450896,0.9921567416492215,2.019900987672415,-0.6534265774628635,1.1816202499510322,1.4289563211185534,0.5803810000880093,1.5448840301675293,-0.5985722763822894,-0.5439837932759934,-0.607677741238533,-0.5985722763822894,0.7827505430840739,0.7860244238600087,-0.3864211005733587,1.158021513135569,1.2722250984125916,1.5021352323976216,-0.37284507897355734,-0.8670202638526014,2.7854300726557777,-0.4765009339934376,-0.4671460367639531,-0.5894744321009994,-0.5500582719713455,-0.4919896236009976,-0.4259053284912144,1.3948165696364114,-0.8002884307772532,-0.6333126847499883,0.7885592451368991,0.5289065246445127,-0.026629629208686008,-0.31716710585544566,-0.050455879207891796,0.8368907281716417,-0.21564522853358306,1.6147211940651687,-0.4634026712342698,-0.007647601686723688,0.19437238046894442,-0.35827075981169554,0.8782950246527061,1.4849940709272333,-0.8071452860229421,0.1714150754554252,-1.1325420103862909,-0.156845642495021,-0.18463804797110417,0.29515352429508473,0.5950966755243677,-0.8009932390354209,-0.34499006011460803,1.195831012052075,0.9915263357004825,0.13219414668154292,-0.49631558531382897,-0.4879104505418774,-0.23239975587413703,0.2881774380093117,0.4231159384138625,-0.2438662803471941,0.16340785397463747,0.3172843771056158,-0.22323969000100755,0.987385648087074,1.5286012754834981,0.11854207891633013,0.920036756927138,0.49910992770790485,-0.4314852075923364,1.75332241858863,0.5190260800964341,0.9214000989600561,-1.7540301881656089,-0.0004854392127598764,-0.3434174848722414,-0.33594760155117104,-1.0451932310247571,0.25248940276190146,-0.26658542310500344,0.9292833248862044,-1.6114701233291828,-0.14038494358390033,1.954294321481417,2.826163437891444,-0.7214646303009937,2.2417292513335,-0.447706137100594,0.2056458449853204,0.19422272045521913,0.777809909963276,1.037921891591478,0.8613904380238587,0.3412087405459782,-0.01758247766653183,-0.6126638672375726,-2.3692654586413275,0.5815486608661747,0.03658807275987502,-3.7616212522616697,-1.5705823503817378,0.37108848653975496,0.18074942844497144,-0.6041366434416297,0.1413723002853744,0.003996992772675076,0.14574212376318435,2.0080900686593286,1.4812293773763436,0.39805320586416415,-1.1387929633713574,-2.704598931382036,-0.5671824348226467,-0.7419571565686764,0.05156329892197445,-0.0010783505786976118,0.0488820921805642,0.31573800396108026,-1.2163545449954123,0.5085632839071296,-0.0039056079515206823,0.6264395413389137,-2.364862867861415,-3.3896175396846138,0.0827079781355667,0.06416253283864368,3.031972212447238,0.21021946233342223,-0.043225798785388875,0.38884842755045307,0.06015517393370815,0.187194503146667,0.15313006763927145,-0.8324170581274281
MMRS38861560ST-27-0-0,0.20765632640815612,0.3555078189191324,0.39977162430339336,0.9575913178780767,0.4981538398499485,0.4981538398499485,-0.696692268479466,0.40637127688715774,0.5621940733997498,-0.5591614245528839,0.40965362436334296,0.7029350233548073,0.8292814004884069,0.4355405266462447,-0.5043024763515651,0.30409393002749957,0.3340619316525473,0.632019806503461,0.6016064285778254,0.48580832882948527,2.169761546469871,-0.7729710710819389,0.7925939239012171,0.8531653746270914,0.516558726289408,-0.5379034314101767,0.6016064285778253,0.43873484351120123,0.37966319830099965,0.6259239745510697,0.5743195381816405,0.5012300141587652,-0.9689846736197243,0.7186222306940978,-1.056724498943157,-0.5955389715767277,0.8845655093608824,0.34488074935770646,0.9728104405570004,0.6289709020331511,0.7471828481629895,0.6472977780031547,1.205863292497635,0.7407971974871923,0.6998114534510217,0.953820966476532,0.693577366039446,0.6167939547439611,-0.6503608134528632,0.7091957274840681,-0.4419209404939517,0.8191780219091251,0.5043024763515651,1.3976724838434158,0.7249313936680669,0.7729710710819387,1.1259916264596033,-1.0442868281386433,-0.5591614245528839,-0.7893055142897324,1.1350278799607911,0.8292814004884069,0.9351677632315252,1.5091121081081782,0.46401616866730944,0.32302914123489945,0.6350707969408387,1.0158740079360236,0.8025041713186409,0.5985722763822894,0.6780635036208104,0.9651730079945339,-0.4419209404939517,1.1487535432791263,-1.0118816049667665,-0.6137538325238135,1.3046561461068842,-1.0525606003586614,-0.4981538398499486,-0.9168313422570846,-1.0651074037450896,0.9921567416492215,-0.49507377148833714,1.530393826163022,-0.8462955844243877,-0.6998114534510219,0.5803810000880093,-0.6472977780031546,-0.5985722763822894,-0.5439837932759934,-0.607677741238533,-0.5985722763822894,0.7827505430840739,-1.2722250984125916,2.5878504008094634,-0.8635418156371768,1.2722250984125916,-0.665719023448946,-0.37284507897355734,1.153375580354378,-0.35901098714230023,-0.4765009339934376,-0.4671460367639531,-0.5894744321009994,1.817989203973091,2.0325631924526064,2.3479396314259255,0.06160053122079784,-0.37984515201649266,-0.0012293927566733515,-3.4889218174113488,0.33136662643058085,0.8917520466624836,-0.31716710585544566,1.3357349900805624,0.333406989733947,-0.21564522853358306,0.876614033996444,0.016984116012908546,-0.18922426726804542,-0.09872734190382042,0.0686283403199079,0.8822443454259977,-0.3317696322659978,-0.18583972776213922,0.4603856984502483,-0.1815363122590257,2.7991180835134064,-0.18463804797110417,-0.056955958606634535,-1.3553387179794965,0.45437227459133306,-0.34499006011460803,0.9013292198077775,0.8230328596338581,-0.07178944946146058,0.6584481325284758,-3.6625758257449568,0.8607062629490071,0.2881774380093117,0.8078820392183566,-0.2438662803471941,0.16340785397463747,-0.46157787949577206,-0.0266851327887377,0.36753320243211846,1.0257981656791282,0.7866435360214888,1.1613447001034554,-1.8079519805425468,0.2308968978425065,1.8277414933924883,0.5022875525083286,0.3277415894869608,1.215367967579506,-0.0004854392127598764,0.9862877566842732,-0.33594760155117104,0.1263518044532329,-0.8304573224799162,2.401373465438403,-0.5822641665799925,-2.629515350571089,-0.3450772423934836,-0.3686624587198658,-0.0377138447877509,0.4843375777830918,2.5369083233010152,0.02132710254694324,2.1851437466205073,-1.1733868701204455,0.6468436298756758,0.5049024530152839,0.8759948788799612,-2.386182673711734,1.0791106295153732,-0.7530392361258982,-1.3273347069991146,-0.7352629812470952,0.03658807275987502,1.0091829762067344,0.4390773072449429,0.37108848653975496,-0.4722475852620496,-0.05849025814880794,0.1413723002853744,0.003996992772675076,0.14574212376318435,1.4514342296007274,-0.12502173439532624,-1.8530947501121597,0.30457667769663727,0.330041418625249,0.16845307056986036,0.2532746361620282,0.05156329892197445,-0.0010783505786976118,0.0488820921805642,0.31573800396108026,-0.5998108337038641,-0.41987427911447583,0.7991654734993278,-0.36271050453489795,-1.4200485008854475,-0.14401893028258947,0.0827079781355667,-1.3171531504675251,-0.10689714803448062,0.21021946233342223,-0.043225798785388875,0.38884842755045307,-1.0493822895757925,-3.433979171072371,-1.439467469936499,1.2308673566177564
MMRS38954404ST-27-0-0,0.20765632640815612,0.3555078189191324,0.39977162430339336,0.9575913178780767,0.4981538398499485,0.4981538398499485,-0.696692268479466,0.40637127688715774,0.5621940733997498,-0.5591614245528839,0.40965362436334296,0.7029350233548073,0.8292814004884069,0.4355405266462447,-0.5043024763515651,0.30409393002749957,0.3340619316525473,0.632019806503461,0.6016064285778254,0.48580832882948527,-0.46088013755565277,1.2937094768634556,0.7925939239012171,0.8531653746270914,0.516558726289408,-0.5379034314101767,0.6016064285778253,0.43873484351120123,0.37966319830099965,0.6259239745510697,0.5743195381816405,0.5012300141587652,1.032008067025885,0.7186222306940978,-1.056724498943157,-0.5955389715767277,0.8845655093608824,0.34488074935770646,0.9728104405570004,0.6289709020331511,0.7471828481629895,0.6472977780031547,-0.8292814004884067,0.7407971974871923,0.6998114534510217,-1.0484147813337086,0.693577366039446,0.6167939547439611,-0.6503608134528632,0.7091957274840681,-0.4419209404939517,0.8191780219091251,0.5043024763515651,1.3976724838434158,-1.3794408805226641,0.7729710710819387,1.1259916264596033,0.9575913178780767,1.7883923248096367,1.266936543449673,1.1350278799607911,0.8292814004884069,0.9351677632315252,1.5091121081081782,0.46401616866730944,0.32302914123489945,0.6350707969408387,1.0158740079360236,0.8025041713186409,-1.6706420251266882,0.6780635036208104,0.9651730079945339,2.262848189276259,1.1487535432791263,0.9882579099091767,1.6293177280668143,1.3046561461068842,0.9500640624960203,2.0074120081082087,-0.9168313422570846,0.9388724521901158,0.9921567416492215,-0.49507377148833714,1.530393826163022,1.1816202499510322,1.4289563211185534,0.5803810000880093,1.5448840301675293,1.6706420251266885,1.8382900600361156,-0.607677741238533,-0.5985722763822894,-1.2775462231683072,0.7860244238600087,-0.3864211005733587,1.158021513135569,1.2722250984125916,1.5021352323976216,-0.37284507897355734,1.153375580354378,-0.35901098714230023,2.0986317731200335,-0.4671460367639531,-0.5894744321009994,1.817989203973091,2.0325631924526064,2.3479396314259255,1.0774544808496769,-0.009730737710136224,1.0507022832397594,1.8849666733469665,-2.7303593603587997,-0.03599212834542157,-0.31716710585544566,1.2549658325671333,1.1506230672860125,-0.21564522853358306,1.8451318956033453,1.1444929823509802,1.3563219653694663,0.7912465551457126,0.0686283403199079,1.2842365412814998,0.1887074062706245,1.6653963323111793,0.29079754440897937,-1.9159728192633914,-0.156845642495021,1.8575784151864922,0.046354193828643205,0.3834372904121987,0.5657678630335409,-0.34499006011460803,1.1182609660878893,1.8909524815972811,0.6267871566752127,0.8703185268897768,-1.0074412228569565,-0.7091243849617248,-2.156621802259966,-0.3122763939711175,-0.2438662803471941,0.16340785397463747,1.0572496033122245,-0.3049341089093636,1.594544154652062,1.3081349877802044,-0.5766906131499018,1.4781655876527755,0.49910992770790485,-2.615467773252136,-0.6003776498669668,0.5190260800964341,0.4340171067979131,-2.2406105625906543,-0.0004854392127598764,-0.49043701966250725,-0.33594760155117104,-0.5925303355917216,-0.5553133856508911,-3.527477674299377,-0.4365207864410551,0.98305370073959,2.618083573585048,1.8170880723570648,3.1917419910833917,-1.0044097472260545,-0.623674745913981,-0.7286380438775178,-3.6436391565305875,3.439549915346979,1.2044764266570351,0.6321912464722196,2.0322888516388242,1.063393695064238,2.1522830021093324,0.6399971455393446,-1.510969670958233,-0.03687388143041753,1.6668819312386567,-3.0648170935636996,-1.8405831844270084,-2.928235062549406,0.6200693492423022,-1.9306167088328214,4.007571211620303,0.003996992772675076,1.0395257860780664,-2.209872342907478,-0.12502173439532624,-2.812061349177053,1.1845546350636955,-1.1790042849964442,0.739733430848909,1.9635645730652969,1.3197911920734855,2.3749673574980235,0.0488820921805642,0.31573800396108026,0.7349878665240687,0.45811426578924586,-0.0039056079515206823,0.598766377852467,-1.7275789493674982,2.3612862176573906,0.0827079781355667,1.9066959960160992,-0.10689714803448062,-6.320120833194857,-0.043225798785388875,0.38884842755045307,-1.729958455369116,-3.5905067767496615,-2.895524345153853,-0.7386314029117378
MMRS39415781ST-27-0-0,0.20765632640815612,0.3555078189191324,-2.5014281634983764,0.9575913178780767,0.4981538398499485,-2.0074120081082087,1.4353539507227553,0.40637127688715774,0.5621940733997498,-0.5591614245528839,0.40965362436334296,0.7029350233548073,0.8292814004884069,-2.2959975910857584,-0.5043024763515651,0.30409393002749957,0.3340619316525473,0.632019806503461,0.6016064285778254,0.48580832882948527,2.169761546469871,-0.7729710710819389,-1.2616801237611213,0.8531653746270914,-1.9358883106733893,-0.5379034314101767,0.6016064285778253,0.43873484351120123,0.37966319830099965,-1.5976381168611218,0.5743195381816405,0.5012300141587652,-0.9689846736197243,-1.3915517183960857,-1.056724498943157,1.6791512356486686,-1.1304985209320695,0.34488074935770646,0.9728104405570004,0.6289709020331511,0.7471828481629895,0.6472977780031547,-0.8292814004884067,0.7407971974871923,0.6998114534510217,-1.0484147813337086,0.693577366039446,0.6167939547439611,-0.6503608134528632,0.7091957274840681,-0.4419209404939517,0.8191780219091251,0.5043024763515651,-0.715475200062701,-1.3794408805226641,-1.2937094768634554,1.1259916264596033,-1.0442868281386433,-0.5591614245528839,-0.7893055142897324,1.1350278799607911,0.8292814004884069,-1.069326851627609,-0.6626412939285202,0.46401616866730944,0.32302914123489945,0.6350707969408387,1.0158740079360236,-1.2460994418967843,0.5985722763822894,-1.4747881203752626,-1.0360836779696423,-0.4419209404939517,-0.8705087404087497,0.9882579099091767,1.6293177280668143,1.3046561461068842,-1.0525606003586614,2.0074120081082087,-0.9168313422570846,0.9388724521901158,-1.0079052613579393,-0.49507377148833714,1.530393826163022,-0.8462955844243877,-0.6998114534510219,0.5803810000880093,-0.6472977780031546,-0.5985722763822894,-0.5439837932759934,-0.607677741238533,-0.5985722763822894,-1.2775462231683072,-1.2722250984125916,2.5878504008094634,1.158021513135569,1.2722250984125916,-0.665719023448946,2.682079116487203,1.153375580354378,-0.35901098714230023,-0.4765009339934376,-0.4671460367639531,-0.5894744321009994,-0.5500582719713455,-0.4919896236009976,-0.4259053284912144,-0.3451436772778977,-0.6078289268882101,-0.6333126847499883,-3.2143215509229788,0.25587132150361575,-0.35850949675155724,-3.5451854268517446,-2.2167085325684464,0.7349248278393854,-0.21564522853358306,0.7375821863703914,1.519424626729552,-3.8224866796498174,0.19437238046894442,0.0686283403199079,1.9343097612670952,0.490790458604263,-0.28368264606547344,0.6626732854114646,0.0032764592451618286,-6.584161329393197,-0.18463804797110417,0.29515352429508473,1.896970590792202,-0.2431373583515788,-0.34499006011460803,1.4312909921734969,-0.3171272976761251,0.7763597715227886,0.1475985665805742,1.8778246337468845,2.7312061230932647,0.2881774380093117,0.4596186572250639,-0.2438662803471941,1.8310401225455388,0.3172843771056158,1.372851898769394,-0.44203131106016325,1.3601702111619678,1.0023431937760272,0.33881427505817774,0.49910992770790485,1.0543123077973944,1.3096904309980035,0.5190260800964341,-3.667098934939498,0.11176246595483387,-0.0004854392127598764,0.2545501396562911,-0.33594760155117104,0.5574893637205977,1.0958539948583026,-0.26658542310500344,-0.4365207864410551,-0.40297080900076027,1.2965691699163544,-0.3686624587198658,-0.0377138447877509,0.4843375777830918,-4.601651414571347,0.34696850800984896,-0.1966678812242927,0.19422272045521913,2.236343789795613,0.20932164299504444,1.9288921498831886,-0.8358387683393462,0.5199594511383402,0.5633647684397409,-0.0634935875073844,0.5815486608661747,0.03658807275987502,0.5821143333743205,0.771326200960237,-2.8840761095586536,0.194242861571281,-0.05849025814880794,-5.826950148593031,0.003996992772675076,-2.6265401172317526,-0.04908870993642331,-0.12502173439532624,1.472499576899654,0.30457667769663727,0.330041418625249,0.1649629493401444,0.2532746361620282,0.05156329892197445,-0.0010783505786976118,0.0488820921805642,0.31573800396108026,0.7349878665240687,-0.41987427911447583,0.6032345847080351,3.0794352601441135,-1.075336751614175,-0.14401893028258947,0.2596217015926917,1.6621899292899187,-0.10689714803448062,0.21021946233342223,-0.043225798785388875,0.38884842755045307,0.06015517393370815,0.187194503146667,0.15313006763927145,0.6681534253236152
MMRS40913371ST-27-0-0,0.20765632640815612,0.3555078189191324,0.39977162430339336,0.9575913178780767,0.4981538398499485,0.4981538398499485,-0.696692268479466,0.40637127688715774,-1.7787451830516672,-0.5591614245528839,-2.4410866657267705,0.7029350233548073,-1.205863292497635,0.4355405266462447,-0.5043024763515651,0.30409393002749957,0.3340619316525473,-1.5822288949017675,-1.6622162804409548,0.48580832882948527,-0.46088013755565277,-0.7729710710819389,-1.2616801237611213,0.8531653746270914,-1.9358883106733893,-0.5379034314101767,0.6016064285778253,-2.2792810162898984,0.37966319830099965,-1.5976381168611218,0.5743195381816405,-1.9950920171417519,1.032008067025885,-1.3915517183960857,-1.056724498943157,-0.5955389715767277,-1.1304985209320695,0.34488074935770646,-1.0279494938679234,-1.5898986690282426,0.7471828481629895,0.6472977780031547,1.205863292497635,-1.3498971154211057,0.6998114534510217,0.953820966476532,-1.4418002215244243,0.6167939547439611,-0.6503608134528632,0.7091957274840681,-0.4419209404939517,0.8191780219091251,0.5043024763515651,-0.715475200062701,-1.3794408805226641,-1.2937094768634554,1.1259916264596033,0.9575913178780767,-0.5591614245528839,-0.7893055142897324,1.1350278799607911,0.8292814004884069,-1.069326851627609,-0.6626412939285202,-2.1550973166992815,0.32302914123489945,-1.574627592414956,-0.9843740386976972,0.8025041713186409,0.5985722763822894,-1.4747881203752626,-1.0360836779696423,-0.4419209404939517,-0.8705087404087497,0.9882579099091767,1.6293177280668143,1.3046561461068842,0.9500640624960203,-0.4981538398499486,-0.9168313422570846,0.9388724521901158,0.9921567416492215,-0.49507377148833714,1.530393826163022,-0.8462955844243877,-0.6998114534510219,0.5803810000880093,-0.6472977780031546,-0.5985722763822894,-0.5439837932759934,-0.607677741238533,-0.5985722763822894,0.7827505430840739,-1.2722250984125916,-0.3864211005733587,-0.8635418156371768,1.2722250984125916,-0.665719023448946,-0.37284507897355734,-0.8670202638526014,2.7854300726557777,2.0986317731200335,-0.4671460367639531,-0.5894744321009994,-0.5500582719713455,-0.4919896236009976,-0.4259053284912144,-0.4702827425772452,-1.0476326519284969,1.5598881659287973,-2.715517781532707,-3.898986539484579,0.05697949585868675,-0.31716710585544566,1.735584989424885,-0.6022394901432669,-0.21564522853358306,-0.7953642714150854,0.5722797477861463,-0.4737239830470987,1.6330116207256147,0.0686283403199079,-4.3162291889071875,2.3491169728545747,0.48440685848260406,-0.2252313848382877,-0.32394966219861815,-0.156845642495021,-0.18463804797110417,0.29515352429508473,1.550888543586226,-0.2431373583515788,-0.34499006011460803,1.5262810227208994,-0.09453250104413903,0.5534773683828927,0.1475985665805742,1.5094289125632994,-0.5174990394742752,0.2718787758786652,0.4596186572250639,-0.2438662803471941,0.16340785397463747,0.3172843771056158,0.5949849342748884,0.043748851544686704,0.2894889753619467,-0.16425826374055674,0.9999514013055603,-3.263397464096819,-0.4314852075923364,1.4009868165738844,-1.9873102224398864,-0.4253945044782261,0.4349217161568922,-0.0004854392127598764,1.0833182780234853,-0.33594760155117104,-1.0215887262704342,0.24318946473069597,-0.26658542310500344,-0.4365207864410551,-0.40297080900076027,2.453748874005467,1.7245602877185597,-0.0377138447877509,0.4843375777830918,-4.3810612027028055,-1.0238816739933048,-0.1966678812242927,0.19422272045521913,-0.6758147473009098,0.6748034019845388,-0.08173823973954061,0.3412087405459782,0.47751691137383356,0.5377237379938118,-0.0634935875073844,0.5815486608661747,0.03658807275987502,0.5821143333743205,0.2705570524327513,2.0833212218271986,1.476501569664854,0.9060544971288722,0.1413723002853744,0.003996992772675076,2.3391250324125026,-2.2168674176395853,-0.12502173439532624,1.6190595409837363,0.30457667769663727,0.330041418625249,0.8890055111587849,0.2532746361620282,0.05156329892197445,-0.0010783505786976118,0.0488820921805642,0.31573800396108026,-0.822086229614237,-0.41987427911447583,-0.0039056079515206823,-0.36271050453489795,-2.120431483392794,-0.14401893028258947,0.0827079781355667,0.06416253283864368,3.385984739500347,0.11562238864123543,-0.043225798785388875,0.38884842755045307,0.06015517393370815,0.187194503146667,0.15313006763927145,1.2308673566177564
MMRS41266697ST-27-0-0,0.20765632640815612,0.3555078189191324,-2.5014281634983764,0.9575913178780767,-2.0074120081082087,-2.0074120081082087,-0.696692268479466,0.40637127688715774,-1.7787451830516672,-0.5591614245528839,0.40965362436334296,0.7029350233548073,-1.205863292497635,0.4355405266462447,-0.5043024763515651,0.30409393002749957,0.3340619316525473,-1.5822288949017675,0.6016064285778254,0.48580832882948527,-0.46088013755565277,-0.7729710710819389,-1.2616801237611213,0.8531653746270914,-1.9358883106733893,-0.5379034314101767,0.6016064285778253,-2.2792810162898984,0.37966319830099965,0.6259239745510697,0.5743195381816405,0.5012300141587652,-0.9689846736197243,-1.3915517183960857,-1.056724498943157,-0.5955389715767277,-1.1304985209320695,0.34488074935770646,-1.0279494938679234,-1.5898986690282426,0.7471828481629895,0.6472977780031547,-0.8292814004884067,-1.3498971154211057,-1.4289563211185536,-1.0484147813337086,0.693577366039446,0.6167939547439611,-0.6503608134528632,-1.4100479758212652,-0.4419209404939517,-1.2207358757861475,0.5043024763515651,1.3976724838434158,0.7249313936680669,0.7729710710819387,1.1259916264596033,0.9575913178780767,-0.5591614245528839,-0.7893055142897324,1.1350278799607911,-1.205863292497635,-1.069326851627609,-0.6626412939285202,0.46401616866730944,0.32302914123489945,0.6350707969408387,-0.9843740386976972,0.8025041713186409,0.5985722763822894,0.6780635036208104,0.9651730079945339,-0.4419209404939517,-0.8705087404087497,0.9882579099091767,-0.6137538325238135,1.3046561461068842,0.9500640624960203,-0.4981538398499486,-0.9168313422570846,-1.0651074037450896,0.9921567416492215,-0.49507377148833714,1.530393826163022,1.1816202499510322,-0.6998114534510219,0.5803810000880093,1.5448840301675293,-0.5985722763822894,-0.5439837932759934,-0.607677741238533,-0.5985722763822894,0.7827505430840739,-1.2722250984125916,-0.3864211005733587,1.158021513135569,1.2722250984125916,-0.665719023448946,-0.37284507897355734,1.153375580354378,-0.35901098714230023,2.0986317731200335,-0.4671460367639531,-0.5894744321009994,1.817989203973091,2.0325631924526064,2.3479396314259255,0.7005506358094516,-1.6534994834136247,-0.6333126847499883,-3.1648128069197625,-0.5090816959191894,-0.35850949675155724,-0.31716710585544566,1.2626476801577822,-0.6022394901432669,-0.21564522853358306,-3.480423994190155,0.7101056813921724,-0.4737239830470987,-1.1659465648235616,0.0686283403199079,0.9953878510140436,1.184242505269519,0.48440685848260406,-1.0806168016013538,-1.2134810154445481,-0.156845642495021,-0.18463804797110417,0.29515352429508473,1.3569483275782799,-0.2431373583515788,-0.34499006011460803,0.35704165939257393,-0.09453250104413903,-4.218286253421439,1.314681091017186,-1.7452082870328258,1.2845403129397284,0.2881774380093117,0.4596186572250639,-0.2438662803471941,0.16340785397463747,0.3172843771056158,-0.2075435432832379,0.043748851544686704,0.2894889753619467,0.7974144302567531,1.198347877297478,0.49910992770790485,-0.4314852075923364,0.09800546972825085,0.5190260800964341,1.3279613102689416,0.8929627095184598,-0.0004854392127598764,-0.3434174848722414,-0.33594760155117104,0.7143524278566041,-0.2611692168206731,-3.3213339192107707,0.5085992009142701,-2.363352152315208,1.4780448999494475,0.44945399338681985,-0.0377138447877509,0.4843375777830918,2.846679518216147,0.7396605731913642,-0.1966678812242927,0.19422272045521913,1.5938879705985864,0.24775814145412195,1.9303757551706338,0.3412087405459782,-0.3336910595121501,0.37387697086840044,1.6231174432628812,0.5729504375814244,0.03658807275987502,0.5821143333743205,-0.6008326448717114,0.37108848653975496,0.4110272093231629,0.7402823348489147,0.1413723002853744,0.003996992772675076,0.14574212376318435,1.6255890514562934,-0.12502173439532624,1.3590020060283303,-1.6391883721512808,0.330041418625249,1.4891339088719964,-0.6795321200522583,0.05156329892197445,-0.0010783505786976118,0.0488820921805642,0.31573800396108026,-1.270656988647005,-0.41987427911447583,-0.0039056079515206823,1.3286138557495455,-2.0324704249539067,-0.14401893028258947,0.0827079781355667,-2.2812029686426727,-0.10689714803448062,1.4802506570741585,-0.043225798785388875,0.38884842755045307,0.6740988357807625,-0.5261623211336826,-5.251245363021653,-0.8324170581274281
MMRS43939546ST-27-0-0,0.20765632640815612,0.3555078189191324,0.39977162430339336,0.9575913178780767,0.4981538398499485,-2.0074120081082087,1.4353539507227553,0.40637127688715774,0.5621940733997498,-0.5591614245528839,0.40965362436334296,0.7029350233548073,0.8292814004884069,0.4355405266462447,-0.5043024763515651,0.30409393002749957,0.3340619316525473,0.632019806503461,0.6016064285778254,0.48580832882948527,2.169761546469871,-0.7729710710819389,0.7925939239012171,-1.17210570159049,-1.9358883106733893,-0.5379034314101767,0.6016064285778253,0.43873484351120123,0.37966319830099965,0.6259239745510697,0.5743195381816405,0.5012300141587652,-0.9689846736197243,0.7186222306940978,-1.056724498943157,-0.5955389715767277,-1.1304985209320695,0.34488074935770646,-1.0279494938679234,0.6289709020331511,0.7471828481629895,0.6472977780031547,-0.8292814004884067,-1.3498971154211057,0.6998114534510217,0.953820966476532,0.693577366039446,0.6167939547439611,-0.6503608134528632,-1.4100479758212652,-0.4419209404939517,0.8191780219091251,0.5043024763515651,-0.715475200062701,-1.3794408805226641,-1.2937094768634554,1.1259916264596033,0.9575913178780767,-0.5591614245528839,-0.7893055142897324,1.1350278799607911,0.8292814004884069,0.9351677632315252,-0.6626412939285202,0.46401616866730944,0.32302914123489945,0.6350707969408387,-0.9843740386976972,0.8025041713186409,0.5985722763822894,0.6780635036208104,0.9651730079945339,-0.4419209404939517,-0.8705087404087497,0.9882579099091767,-0.6137538325238135,1.3046561461068842,-1.0525606003586614,-0.4981538398499486,-0.9168313422570846,-1.0651074037450896,0.9921567416492215,-0.49507377148833714,1.530393826163022,1.1816202499510322,1.4289563211185534,0.5803810000880093,-0.6472977780031546,1.6706420251266885,-0.5439837932759934,-0.607677741238533,-0.5985722763822894,0.7827505430840739,0.7860244238600087,-0.3864211005733587,-0.8635418156371768,1.2722250984125916,-0.665719023448946,-0.37284507897355734,1.153375580354378,-0.35901098714230023,2.0986317731200335,2.1406582124238294,-0.5894744321009994,-0.5500582719713455,-0.4919896236009976,-0.4259053284912144,1.1477891877332824,-0.4595431719642064,1.7457116769190888,-3.434830042664697,0.8963512312528046,-0.35850949675155724,-4.576555424767793,0.8240039008450566,1.2126928194095592,-0.21564522853358306,1.202503551427036,1.3640521526087461,1.538464700222607,0.7307190572913232,0.0686283403199079,0.5252691166850143,-0.9371570809821765,-0.28493286944919,0.5111386638384302,-0.9867406861384945,-6.880934608165351,-0.18463804797110417,-0.12179334639585375,0.00751136500252898,-0.2431373583515788,-0.34499006011460803,1.543751557315198,-0.8074059660000596,0.7315007707514735,1.2975870747585503,0.37778717993743927,1.1990104515601014,0.2881774380093117,1.159416836755595,-0.2438662803471941,0.16340785397463747,0.3172843771056158,-0.04404020322800147,0.043748851544686704,1.0283496611368155,0.09194390939981384,0.47323626470293145,0.49910992770790485,-0.4314852075923364,-0.8789791025841138,0.03136873613887121,2.0088492548375108,1.4127715268383219,-0.0004854392127598764,-0.3434174848722414,-0.33594760155117104,-0.6649764382213305,0.5209486222988335,-0.26658542310500344,-0.4365207864410551,-0.40297080900076027,0.15937682617130466,-2.247035792908778,-0.0377138447877509,0.4843375777830918,1.1896289380556941,-1.276673187798028,1.7937831548757985,0.19422272045521913,1.1521414208548741,-0.36162744528295726,0.14457475824617877,0.3412087405459782,-5.272859488323898,0.8445916057211674,0.2627442591058829,0.9633444965517823,0.03658807275987502,0.5821143333743205,0.8742483290738857,0.37108848653975496,-5.156718417969499,-0.05849025814880794,0.1413723002853744,0.003996992772675076,0.14574212376318435,1.1021711074735834,-0.12502173439532624,-3.171312239090661,0.8817708543446414,-0.9309959291183374,0.021655538097787055,0.2532746361620282,-1.5028669316622258,-0.0010783505786976118,0.0488820921805642,0.31573800396108026,0.12457017345169658,1.6425917268335979,-0.0039056079515206823,-0.36271050453489795,-2.0682330108177043,-0.14401893028258947,0.0827079781355667,1.412617935027862,-0.10689714803448062,0.4771765035662477,3.3730274122345567,0.38884842755045307,0.06015517393370815,0.187194503146667,0.15313006763927145,0.01165383881378382
MMRS44203591ST-27-0-0,0.20765632640815612,0.3555078189191324,0.39977162430339336,0.9575913178780767,0.4981538398499485,0.4981538398499485,1.4353539507227553,0.40637127688715774,0.5621940733997498,1.7883923248096367,0.40965362436334296,0.7029350233548073,0.8292814004884069,0.4355405266462447,-0.5043024763515651,0.30409393002749957,0.3340619316525473,-1.5822288949017675,0.6016064285778254,0.48580832882948527,-0.46088013755565277,1.2937094768634556,-1.2616801237611213,0.8531653746270914,0.516558726289408,-0.5379034314101767,0.6016064285778253,0.43873484351120123,0.37966319830099965,0.6259239745510697,0.5743195381816405,0.5012300141587652,-0.9689846736197243,-1.3915517183960857,0.9463204468147677,-0.5955389715767277,0.8845655093608824,0.34488074935770646,0.9728104405570004,-1.5898986690282426,0.7471828481629895,0.6472977780031547,1.205863292497635,0.7407971974871923,0.6998114534510217,0.953820966476532,0.693577366039446,0.6167939547439611,1.5376080159117362,0.7091957274840681,-0.4419209404939517,-1.2207358757861475,0.5043024763515651,-0.715475200062701,0.7249313936680669,0.7729710710819387,1.1259916264596033,0.9575913178780767,-0.5591614245528839,-0.7893055142897324,1.1350278799607911,0.8292814004884069,0.9351677632315252,-0.6626412939285202,0.46401616866730944,0.32302914123489945,0.6350707969408387,-0.9843740386976972,0.8025041713186409,0.5985722763822894,0.6780635036208104,0.9651730079945339,2.262848189276259,-0.8705087404087497,0.9882579099091767,-0.6137538325238135,1.3046561461068842,0.9500640624960203,-0.4981538398499486,1.0907131485472212,0.9388724521901158,0.9921567416492215,-0.49507377148833714,1.530393826163022,1.1816202499510322,1.4289563211185534,0.5803810000880093,-0.6472977780031546,1.6706420251266885,1.8382900600361156,1.64560906568975,-0.5985722763822894,0.7827505430840739,0.7860244238600087,-0.3864211005733587,-0.8635418156371768,1.2722250984125916,-0.665719023448946,-0.37284507897355734,1.153375580354378,-0.35901098714230023,2.0986317731200335,-0.4671460367639531,-0.5894744321009994,1.817989203973091,-0.4919896236009976,-0.4259053284912144,-0.6114090763398006,-0.41784708706866225,2.000171615603798,-1.1520430155708639,0.2126820948524659,-0.259709192825131,-1.247505005781234,2.348092184854679,-2.110319420749769,-2.187894177634264,-2.0832961383330444,-1.8965913329221473,2.1456633410037123,-1.7892160553339116,0.0686283403199079,1.7927796651425523,1.4639232637896415,0.48440685848260406,1.8388331758070746,-1.8245948081729424,-0.156845642495021,-1.7985680663353498,0.29515352429508473,-1.0063800629322002,-2.3182286645995687,-0.34499006011460803,-1.6320456444656113,-3.226289862576248,1.4174490157680402,-0.1185138470812074,4.441889141156813,2.150557174396058,0.2881774380093117,0.4596186572250639,-0.5344952148167449,0.16340785397463747,-1.9509075047534368,1.7223365500499754,-5.006791946028278,0.2894889753619467,-0.26672226408418515,1.2768931336018357,-0.9387400787674046,-1.1233948465438852,0.45279738812439196,-0.40144190264989243,-1.505891767999799,1.996585361650352,-2.9017633349950276,-0.47562057823134857,-0.33594760155117104,0.7143524278566041,0.5197670415340789,-0.26658542310500344,1.1867074307631096,0.363861237630559,-0.48794531331507685,-0.06922984337074231,-0.0377138447877509,0.4843375777830918,-1.7606111006151348,-2.1085607227241545,-1.4839742273721341,0.19422272045521913,2.03848101424098,-0.8074693095899875,-1.2068195048992911,0.3412087405459782,-1.6073996814120648,0.4512559569855907,0.8477713451569806,0.23672252401637847,-3.2735048455434512,0.5821143333743205,-0.1803132760999682,0.37108848653975496,2.728352174702782,1.1741532297770685,0.1413723002853744,0.9649571478422516,-0.5239008182294562,2.5350874676005204,-0.12502173439532624,2.879662410736727,2.0274131241891418,0.8854370249029103,0.7245323710184561,0.2532746361620282,-0.9490979306649886,-1.2326854888543943,0.0288671890484345,0.31573800396108026,1.6178986560585127,-1.386665424416636,-0.0039056079515206823,-0.36271050453489795,-0.18209062248830202,-0.14401893028258947,0.0827079781355667,2.0970505907489487,-0.10689714803448062,1.9379546094644577,-0.043225798785388875,0.38884842755045307,-1.4131683371751163,0.187194503146667,0.15313006763927145,-0.363488782048977
MMRS44587603ST-27-0-0,0.20765632640815612,0.3555078189191324,0.39977162430339336,0.9575913178780767,0.4981538398499485,-2.0074120081082087,-0.696692268479466,0.40637127688715774,0.5621940733997498,-0.5591614245528839,0.40965362436334296,0.7029350233548073,0.8292814004884069,0.4355405266462447,1.9829369215765427,0.30409393002749957,0.3340619316525473,0.632019806503461,0.6016064285778254,0.48580832882948527,2.169761546469871,-0.7729710710819389,0.7925939239012171,-1.17210570159049,0.516558726289408,1.8590697541720143,0.6016064285778253,0.43873484351120123,0.37966319830099965,0.6259239745510697,0.5743195381816405,0.5012300141587652,-0.9689846736197243,0.7186222306940978,-1.056724498943157,1.6791512356486686,0.8845655093608824,0.34488074935770646,0.9728104405570004,0.6289709020331511,0.7471828481629895,0.6472977780031547,1.205863292497635,-1.3498971154211057,0.6998114534510217,0.953820966476532,0.693577366039446,-1.6212869667555554,-0.6503608134528632,0.7091957274840681,-0.4419209404939517,-1.2207358757861475,-1.9829369215765429,1.3976724838434158,0.7249313936680669,0.7729710710819387,1.1259916264596033,0.9575913178780767,-0.5591614245528839,1.266936543449673,1.1350278799607911,0.8292814004884069,0.9351677632315252,1.5091121081081782,0.46401616866730944,0.32302914123489945,0.6350707969408387,1.0158740079360236,0.8025041713186409,-1.6706420251266882,0.6780635036208104,0.9651730079945339,-0.4419209404939517,-0.8705087404087497,-1.0118816049667665,1.6293177280668143,1.3046561461068842,0.9500640624960203,2.0074120081082087,-0.9168313422570846,-1.0651074037450896,-1.0079052613579393,-0.49507377148833714,-0.6534265774628635,1.1816202499510322,-0.6998114534510219,0.5803810000880093,-0.6472977780031546,-0.5985722763822894,1.8382900600361156,1.64560906568975,-0.5985722763822894,-1.2775462231683072,0.7860244238600087,2.5878504008094634,1.158021513135569,1.2722250984125916,-0.665719023448946,-0.37284507897355734,-0.8670202638526014,-0.35901098714230023,-0.4765009339934376,2.1406582124238294,-0.5894744321009994,1.817989203973091,2.0325631924526064,2.3479396314259255,1.1392506102922684,1.7342778820491802,-0.8570607129004955,0.615356260639781,0.6299474254889319,-0.35850949675155724,-0.31716710585544566,0.30040637170281437,0.30413438465474596,-0.21564522853358306,1.2971558299660952,0.7040178763098652,1.0969488823259395,-0.26336391831124795,-2.5282560616050604,0.3804601534704114,-0.6446286656760936,-0.5587151017943947,-0.13504614536513562,1.720855546927951,3.0668390789852684,-0.18463804797110417,-0.245272777197979,0.00751136500252898,-0.09819770272497994,3.023631312085126,0.08346960179105044,0.4355773968847019,0.7760946485527072,-0.03142634319666907,-0.5428497825594764,-1.1261752831231993,0.2881774380093117,0.3234040766017486,-0.2438662803471941,-6.462420871188131,-3.1268357838664564,-1.3423976241042284,2.097155850056842,1.3773010653380386,-1.1004728597787508,1.4867441360119102,-0.46941753239010064,-0.4314852075923364,-0.7278352749321818,-0.27105164517283414,0.7723698110525542,0.005381800167479995,-0.0004854392127598764,0.4621753509794564,-0.33594760155117104,0.7143524278566041,1.093373073433722,2.0252053942483945,0.5271139817752263,0.7389998215649957,-2.76252468726154,0.5289839719327225,-0.0377138447877509,-1.7629574735285913,-4.9754959923124815,-3.5782346142385006,0.7874808294772968,0.3080844536581274,0.5151103292428219,-0.2888341891425507,0.5368739667615904,1.4216477722612546,1.5838143524525792,0.6399971455393446,-1.9955017735080391,0.4134189886070376,0.03658807275987502,0.5821143333743205,0.4390773072449429,0.9532281323136007,0.8543743172741833,-1.0058811623165451,-4.309255277531568,0.003996992772675076,0.14574212376318435,-0.04908870993642331,-0.12502173439532624,0.39805320586416415,-2.015400474897866,0.330041418625249,-0.03624529359533302,0.2532746361620282,0.05156329892197445,0.35534427489186005,-0.23648812366824806,0.31573800396108026,0.7349878665240687,-1.8043542697685153,3.6909994233073515,-2.097706265899729,2.049436705071701,-0.14401893028258947,0.0827079781355667,0.06416253283864368,-0.10689714803448062,0.21021946233342223,0.31052454720936346,0.38884842755045307,1.6713238502182062,0.6339442834416121,-1.5516947724776207,0.2930108044608544
MMRS51307502ST-27-0-0,0.20765632640815612,-2.8128776549566434,0.39977162430339336,0.9575913178780767,0.4981538398499485,-2.0074120081082087,-0.696692268479466,0.40637127688715774,-1.7787451830516672,-0.5591614245528839,0.40965362436334296,0.7029350233548073,0.8292814004884069,0.4355405266462447,-0.5043024763515651,0.30409393002749957,-2.993456916964981,0.632019806503461,0.6016064285778254,-2.0584249809166852,-0.46088013755565277,1.2937094768634556,0.7925939239012171,-1.17210570159049,0.516558726289408,-0.5379034314101767,0.6016064285778253,0.43873484351120123,0.37966319830099965,0.6259239745510697,0.5743195381816405,0.5012300141587652,-0.9689846736197243,0.7186222306940978,0.9463204468147677,-0.5955389715767277,-1.1304985209320695,-2.8995529668221978,0.9728104405570004,0.6289709020331511,0.7471828481629895,0.6472977780031547,-0.8292814004884067,-1.3498971154211057,0.6998114534510217,-1.0484147813337086,0.693577366039446,-1.6212869667555554,-0.6503608134528632,0.7091957274840681,-0.4419209404939517,0.8191780219091251,0.5043024763515651,1.3976724838434158,0.7249313936680669,0.7729710710819387,1.1259916264596033,0.9575913178780767,1.7883923248096367,-0.7893055142897324,1.1350278799607911,0.8292814004884069,0.9351677632315252,1.5091121081081782,0.46401616866730944,0.32302914123489945,0.6350707969408387,1.0158740079360236,0.8025041713186409,0.5985722763822894,0.6780635036208104,0.9651730079945339,-0.4419209404939517,-0.8705087404087497,-1.0118816049667665,1.6293177280668143,-0.7664854858377945,0.9500640624960203,2.0074120081082087,-0.9168313422570846,0.9388724521901158,-1.0079052613579393,-0.49507377148833714,-0.6534265774628635,1.1816202499510322,1.4289563211185534,0.5803810000880093,1.5448840301675293,1.6706420251266885,-0.5439837932759934,-0.607677741238533,-0.5985722763822894,-1.2775462231683072,0.7860244238600087,2.5878504008094634,-0.8635418156371768,1.2722250984125916,-0.665719023448946,-0.37284507897355734,-0.8670202638526014,-0.35901098714230023,-0.4765009339934376,-0.4671460367639531,-0.5894744321009994,-0.5500582719713455,-0.4919896236009976,-0.4259053284912144,1.4223363255055332,0.41103008113404077,-0.31153836832801896,-2.84138815065778,-0.1541680849579466,-0.35850949675155724,-0.31716710585544566,-0.4554677926215121,-0.6022394901432669,-0.21564522853358306,-0.695416883930537,-0.7291295124409819,-2.448340245173914,0.7563037221886743,0.0686283403199079,0.8049113288737644,0.34064637527595326,0.07263049333104345,-2.2694804279660943,0.6207389271277426,-0.156845642495021,-0.2984665498545984,-0.24494295789768136,0.00751136500252898,-0.9944519152870596,-0.34499006011460803,-2.4794178020944995,-0.9734616674342457,2.0964951187674616,-1.2552970950256361,-1.5545408475884035,-1.9839823084154118,0.2881774380093117,-1.139670266199003,0.004357782792836364,0.16340785397463747,0.3172843771056158,0.23567442651766607,0.9100014828491756,2.6516912412589027,0.6874728651474425,0.9199205846088465,0.49910992770790485,-0.4314852075923364,-0.1960387668227361,0.5190260800964341,0.7972475581294497,0.005381800167479995,-0.0004854392127598764,0.24505027153830022,-0.33594760155117104,1.8556997092424967,0.9157406505684508,-2.0904823556591556,-0.2131635198158941,0.9452312610048625,-0.8446771264615568,-1.0006291557785325,-0.3662503985910139,0.4843375777830918,-2.753508738645122,2.12683898451694,-0.618189636385411,3.263600795711223,0.6254463959464854,-0.035969337920889716,-0.1705737870276135,1.6065285557105016,1.5763353749682474,0.3789667972000069,-2.231385110534412,-0.10112955733813224,0.03658807275987502,0.5821143333743205,0.4390773072449429,-3.8425994678713327,0.18074942844497144,1.7818446959916305,-0.4347686649525929,0.003996992772675076,1.4408035706383873,-0.04908870993642331,-0.12502173439532624,0.39805320586416415,1.080355909594111,2.6370863148712225,1.0000327326655207,-2.4672965493422097,0.681930613569502,-0.0010783505786976118,0.0488820921805642,0.31573800396108026,0.7349878665240687,-1.1539410012485611,5.6330525895345565,-0.36271050453489795,-1.165569076736845,-0.14401893028258947,0.0827079781355667,0.06416253283864368,-0.10689714803448062,0.21021946233342223,-0.043225798785388875,0.38884842755045307,0.06015517393370815,0.187194503146667,0.15313006763927145,-1.6764879550686398
MMRS61683006ST-27-0-0,0.20765632640815612,0.3555078189191324,0.39977162430339336,0.9575913178780767,0.4981538398499485,-2.0074120081082087,-0.696692268479466,0.40637127688715774,0.5621940733997498,1.7883923248096367,0.40965362436334296,0.7029350233548073,-1.205863292497635,0.4355405266462447,-0.5043024763515651,0.30409393002749957,-2.993456916964981,-1.5822288949017675,0.6016064285778254,0.48580832882948527,-0.46088013755565277,-0.7729710710819389,-1.2616801237611213,-1.17210570159049,0.516558726289408,-0.5379034314101767,0.6016064285778253,0.43873484351120123,0.37966319830099965,-1.5976381168611218,0.5743195381816405,0.5012300141587652,-0.9689846736197243,0.7186222306940978,-1.056724498943157,-0.5955389715767277,0.8845655093608824,0.34488074935770646,0.9728104405570004,0.6289709020331511,0.7471828481629895,0.6472977780031547,-0.8292814004884067,-1.3498971154211057,0.6998114534510217,-1.0484147813337086,0.693577366039446,0.6167939547439611,-0.6503608134528632,-1.4100479758212652,-0.4419209404939517,0.8191780219091251,0.5043024763515651,1.3976724838434158,0.7249313936680669,0.7729710710819387,1.1259916264596033,-1.0442868281386433,-0.5591614245528839,1.266936543449673,1.1350278799607911,0.8292814004884069,-1.069326851627609,1.5091121081081782,0.46401616866730944,0.32302914123489945,0.6350707969408387,1.0158740079360236,0.8025041713186409,0.5985722763822894,-1.4747881203752626,-1.0360836779696423,2.262848189276259,-0.8705087404087497,0.9882579099091767,-0.6137538325238135,1.3046561461068842,-1.0525606003586614,2.0074120081082087,-0.9168313422570846,-1.0651074037450896,0.9921567416492215,-0.49507377148833714,1.530393826163022,1.1816202499510322,1.4289563211185534,0.5803810000880093,-0.6472977780031546,-0.5985722763822894,-0.5439837932759934,-0.607677741238533,-0.5985722763822894,0.7827505430840739,-1.2722250984125916,-0.3864211005733587,-0.8635418156371768,1.2722250984125916,-0.665719023448946,-0.37284507897355734,1.153375580354378,-0.35901098714230023,2.0986317731200335,2.1406582124238294,-0.5894744321009994,-0.5500582719713455,-0.4919896236009976,-0.4259053284912144,0.2317592171933811,-0.8544153782627482,0.5304416373460306,2.095978132628251,0.21409342198729228,-0.35850949675155724,-0.31716710585544566,1.1483134280225162,-0.48114609174469425,2.276746405430352,0.26647479692401554,0.372633533109912,-0.4737239830470987,1.1920367441892303,0.0686283403199079,0.7244415506017274,0.34064637527595326,0.48440685848260406,-0.29409573594487454,-1.4946325784805092,-0.156845642495021,-0.18463804797110417,0.29515352429508473,0.00751136500252898,0.48342249783370084,-0.34499006011460803,0.5833477122640711,-0.9335209560016169,-1.2296236006057364,0.1475985665805742,0.7038588731730074,2.381245917498939,0.2881774380093117,0.9707355667880079,-0.2438662803471941,0.16340785397463747,0.4537878368549975,-0.38628629433661116,0.03632025156267692,-0.24795849074434614,-0.18327268861738555,0.9137483134304721,0.49910992770790485,-0.4314852075923364,-0.3406698553420453,0.5190260800964341,1.0484881934270542,0.1478129916710335,-0.0004854392127598764,-0.3434174848722414,-0.33594760155117104,-0.2737183764288176,0.031151482517200398,-3.6573487368219095,1.0365977040508152,-0.2242072141594105,1.527949051056528,-0.3686624587198658,-0.0377138447877509,-0.6891406963289205,-0.2786015539174688,-0.16487365385274372,-0.1966678812242927,-2.1876743733689374,0.802576549385673,-0.02161759301724394,1.2534822911547894,-0.15316744263141482,-3.777954474558572,0.297026633328124,-0.0634935875073844,0.5815486608661747,2.065006337739379,0.5821143333743205,-1.9064954550862787,0.37108848653975496,0.1279130552635021,-0.05849025814880794,2.9807815309339936,0.003996992772675076,0.14574212376318435,0.7007879156919179,-0.12502173439532624,-0.9869895894622827,-0.09787344130209656,1.321332263637047,-0.7648192578555676,0.2532746361620282,0.05156329892197445,-0.0010783505786976118,0.0488820921805642,0.31573800396108026,-1.5835439860696157,-0.41987427911447583,-0.0039056079515206823,-0.36271050453489795,-1.8623845784850364,-0.14401893028258947,0.0827079781355667,-2.0849741825846055,-0.10689714803448062,-1.4156636753531844,3.231231976002095,0.38884842755045307,0.06015517393370815,0.187194503146667,0.15313006763927145,-0.08213181640190638
MMRS62192467ST-27-0-0,0.20765632640815612,0.3555078189191324,0.39977162430339336,0.9575913178780767,0.4981538398499485,-2.0074120081082087,1.4353539507227553,0.40637127688715774,-1.7787451830516672,-0.5591614245528839,-2.4410866657267705,-1.4226065948847293,0.8292814004884069,-2.2959975910857584,-0.5043024763515651,0.30409393002749957,0.3340619316525473,-1.5822288949017675,-1.6622162804409548,0.48580832882948527,-0.46088013755565277,-0.7729710710819389,-1.2616801237611213,-1.17210570159049,-1.9358883106733893,-0.5379034314101767,0.6016064285778253,-2.2792810162898984,-2.633913438213185,-1.5976381168611218,-1.7411909808364021,-1.9950920171417519,-0.9689846736197243,-1.3915517183960857,-1.056724498943157,-0.5955389715767277,-1.1304985209320695,0.34488074935770646,-1.0279494938679234,-1.5898986690282426,-1.33836048626997,-1.544884030167529,1.205863292497635,-1.3498971154211057,-1.4289563211185536,0.953820966476532,0.693577366039446,0.6167939547439611,-0.6503608134528632,-1.4100479758212652,-0.4419209404939517,0.8191780219091251,0.5043024763515651,-0.715475200062701,-1.3794408805226641,-1.2937094768634554,-0.8881060715737715,-1.0442868281386433,-0.5591614245528839,-0.7893055142897324,-0.8810356271024322,0.8292814004884069,-1.069326851627609,-0.6626412939285202,-2.1550973166992815,0.32302914123489945,-1.574627592414956,-0.9843740386976972,-1.2460994418967843,-1.6706420251266882,0.6780635036208104,-1.0360836779696423,-0.4419209404939517,1.1487535432791263,0.9882579099091767,-0.6137538325238135,-0.7664854858377945,-1.0525606003586614,-0.4981538398499486,-0.9168313422570846,0.9388724521901158,0.9921567416492215,-0.49507377148833714,1.530393826163022,-0.8462955844243877,-0.6998114534510219,-1.723006094011278,-0.6472977780031546,-0.5985722763822894,-0.5439837932759934,-0.607677741238533,-0.5985722763822894,0.7827505430840739,-1.2722250984125916,-0.3864211005733587,-0.8635418156371768,1.2722250984125916,-0.665719023448946,-0.37284507897355734,1.153375580354378,-0.35901098714230023,2.0986317731200335,-0.4671460367639531,-0.5894744321009994,-0.5500582719713455,-0.4919896236009976,-0.4259053284912144,0.19674846606431298,-0.042614587205025846,1.8750694152085035,-3.046420372451497,0.9939415502685236,-0.35850949675155724,-4.063077087173264,-1.6896649811095361,-0.6022394901432669,-0.21564522853358306,-0.7953642714150854,-0.4634026712342698,-4.242680358230176,0.19437238046894442,0.0686283403199079,-3.285290252739631,1.0991110864444655,0.48440685848260406,-0.2252313848382877,0.08813525528071857,-0.156845642495021,-0.18463804797110417,0.29515352429508473,0.00751136500252898,-0.2431373583515788,-0.34499006011460803,-2.01200005972083,-0.09453250104413903,0.13219414668154292,0.1475985665805742,-0.15593542516575626,-0.5174990394742752,0.2881774380093117,0.4596186572250639,-0.2438662803471941,0.16340785397463747,0.3172843771056158,2.123670582518343,0.043748851544686704,0.2894889753619467,0.2206956367725404,-0.5080418955306614,-0.7817242024407656,-0.4314852075923364,0.09800546972825085,-1.8600039828437154,-3.039344982343264,2.018624835395612,-0.0004854392127598764,-0.3434174848722414,-0.33594760155117104,1.3680402601043027,1.1270395239438413,-0.26658542310500344,-0.4365207864410551,-0.40297080900076027,-0.14038494358390033,-0.3686624587198658,-0.0377138447877509,0.4843375777830918,0.1381765159557322,1.1926179888321125,-0.1966678812242927,0.19422272045521913,-0.6758147473009098,0.8066757922928377,-0.08173823973954061,0.3412087405459782,0.5199594511383402,0.6399971455393446,-2.078313108300962,0.5815486608661747,0.03658807275987502,-0.8623704336003253,2.923986854185541,0.37108848653975496,0.18074942844497144,-0.05849025814880794,0.1413723002853744,0.003996992772675076,2.798966580649377,4.36861263147091,-0.12502173439532624,4.235929600740014,0.30457667769663727,0.330041418625249,0.9589506284434771,0.2532746361620282,0.05156329892197445,-0.0010783505786976118,0.0488820921805642,0.31573800396108026,1.1195684793882081,-0.41987427911447583,-0.0039056079515206823,-0.36271050453489795,-0.7334593065292477,-0.14401893028258947,0.0827079781355667,2.180929093577884,-0.10689714803448062,1.6735922531705523,-0.043225798785388875,0.38884842755045307,0.06015517393370815,0.187194503146667,0.15313006763927145,0.6681534253236152
MMRS62376181ST-27-0-0,0.20765632640815612,0.3555078189191324,0.39977162430339336,0.9575913178780767,0.4981538398499485,0.4981538398499485,-0.696692268479466,0.40637127688715774,0.5621940733997498,-0.5591614245528839,0.40965362436334296,0.7029350233548073,0.8292814004884069,0.4355405266462447,1.9829369215765427,0.30409393002749957,0.3340619316525473,-1.5822288949017675,0.6016064285778254,0.48580832882948527,-0.46088013755565277,-0.7729710710819389,0.7925939239012171,0.8531653746270914,0.516558726289408,1.8590697541720143,0.6016064285778253,0.43873484351120123,0.37966319830099965,0.6259239745510697,0.5743195381816405,0.5012300141587652,-0.9689846736197243,0.7186222306940978,-1.056724498943157,-0.5955389715767277,0.8845655093608824,0.34488074935770646,0.9728104405570004,-1.5898986690282426,0.7471828481629895,0.6472977780031547,1.205863292497635,-1.3498971154211057,0.6998114534510217,0.953820966476532,0.693577366039446,0.6167939547439611,1.5376080159117362,-1.4100479758212652,-0.4419209404939517,0.8191780219091251,0.5043024763515651,-0.715475200062701,0.7249313936680669,0.7729710710819387,-0.8881060715737715,0.9575913178780767,-0.5591614245528839,1.266936543449673,1.1350278799607911,0.8292814004884069,-1.069326851627609,-0.6626412939285202,0.46401616866730944,0.32302914123489945,0.6350707969408387,-0.9843740386976972,0.8025041713186409,0.5985722763822894,0.6780635036208104,0.9651730079945339,-0.4419209404939517,1.1487535432791263,0.9882579099091767,1.6293177280668143,1.3046561461068842,0.9500640624960203,-0.4981538398499486,-0.9168313422570846,-1.0651074037450896,0.9921567416492215,-0.49507377148833714,1.530393826163022,-0.8462955844243877,-0.6998114534510219,0.5803810000880093,1.5448840301675293,-0.5985722763822894,1.8382900600361156,-0.607677741238533,-0.5985722763822894,-1.2775462231683072,0.7860244238600087,2.5878504008094634,-0.8635418156371768,1.2722250984125916,1.5021352323976216,-0.37284507897355734,-0.8670202638526014,-0.35901098714230023,2.0986317731200335,-0.4671460367639531,-0.5894744321009994,-0.5500582719713455,-0.4919896236009976,-0.4259053284912144,0.5280796214965843,0.8858095951622625,0.7099635415426647,2.1472391887562106,0.2522907994217393,-0.4119949604932789,-0.31716710585544566,1.2130635953819813,1.3509825238474118,-0.21564522853358306,0.8172808360273491,-0.8924657007500861,0.5120100978491866,-0.4128807529857732,-1.1484725486656293,0.6660471637132576,1.2135645768557497,0.48440685848260406,-0.3632380968863862,0.9012019932019587,-0.156845642495021,-0.18463804797110417,-2.3774576891277124,1.6298520927116786,0.1130599000635871,1.572369431083194,0.9574125295686545,1.0265002933741876,0.6557982860797008,1.41156453632308,0.8119924818271074,1.7021839317108278,0.2881774380093117,-0.030602531361519504,-0.2438662803471941,0.16340785397463747,0.3790337619690647,0.6671222384362164,-4.201051888065696,0.2894889753619467,-0.15428087765697795,0.8454897800714111,-1.7533548200803821,-0.4314852075923364,0.12195999879155554,-1.406594024324825,2.022965549649715,0.7161763988877046,0.781884629694652,-0.3434174848722414,-0.33594760155117104,-1.2226480905826724,-1.630384268285043,-0.26658542310500344,0.40360113781927465,0.286852706790884,-0.14038494358390033,1.1215168181605437,-0.0377138447877509,-0.7307329012642781,-0.6095808923997322,-0.8810194049882475,-0.1966678812242927,0.19422272045521913,0.8152188424411754,0.24826570395310996,0.20258319187848842,0.3412087405459782,-1.5181732329387787,-1.9487180001662858,-2.1568860779138075,0.3575264802502839,0.03658807275987502,-1.4804751104673568,-0.09790589888028138,0.6012213272328651,1.141404508380157,-1.5517805098289914,0.1413723002853744,0.003996992772675076,0.14574212376318435,-0.034690168886612464,-0.12502173439532624,0.8586446607043633,0.30457667769663727,0.330041418625249,-0.21344437201811498,-1.3876132262805663,0.05156329892197445,1.2739346930567823,0.0488820921805642,0.31573800396108026,0.7349878665240687,-6.183730624303754,0.04812524498069335,-0.36271050453489795,-2.1155464447682055,2.6699957659325064,0.0827079781355667,0.06416253283864368,-0.10689714803448062,1.6339413264487348,-0.043225798785388875,0.38884842755045307,0.06015517393370815,0.187194503146667,0.15313006763927145,0.5743677701079251
MMRS64281551ST-27-0-0,0.20765632640815612,0.3555078189191324,0.39977162430339336,0.9575913178780767,0.4981538398499485,-2.0074120081082087,-0.696692268479466,0.40637127688715774,0.5621940733997498,-0.5591614245528839,0.40965362436334296,0.7029350233548073,0.8292814004884069,0.4355405266462447,1.9829369215765427,0.30409393002749957,0.3340619316525473,0.632019806503461,0.6016064285778254,0.48580832882948527,2.169761546469871,1.2937094768634556,0.7925939239012171,0.8531653746270914,0.516558726289408,-0.5379034314101767,0.6016064285778253,0.43873484351120123,0.37966319830099965,0.6259239745510697,0.5743195381816405,0.5012300141587652,-0.9689846736197243,0.7186222306940978,-1.056724498943157,-0.5955389715767277,0.8845655093608824,0.34488074935770646,0.9728104405570004,0.6289709020331511,0.7471828481629895,0.6472977780031547,1.205863292497635,-1.3498971154211057,0.6998114534510217,0.953820966476532,0.693577366039446,0.6167939547439611,-0.6503608134528632,0.7091957274840681,-0.4419209404939517,0.8191780219091251,0.5043024763515651,-0.715475200062701,0.7249313936680669,-1.2937094768634554,1.1259916264596033,0.9575913178780767,-0.5591614245528839,1.266936543449673,1.1350278799607911,0.8292814004884069,0.9351677632315252,1.5091121081081782,0.46401616866730944,0.32302914123489945,0.6350707969408387,1.0158740079360236,-1.2460994418967843,0.5985722763822894,0.6780635036208104,-1.0360836779696423,-0.4419209404939517,1.1487535432791263,0.9882579099091767,-0.6137538325238135,1.3046561461068842,0.9500640624960203,2.0074120081082087,-0.9168313422570846,-1.0651074037450896,0.9921567416492215,-0.49507377148833714,1.530393826163022,1.1816202499510322,1.4289563211185534,-1.723006094011278,-0.6472977780031546,-0.5985722763822894,-0.5439837932759934,-0.607677741238533,-0.5985722763822894,0.7827505430840739,0.7860244238600087,-0.3864211005733587,-0.8635418156371768,1.2722250984125916,1.5021352323976216,-0.37284507897355734,1.153375580354378,-0.35901098714230023,-0.4765009339934376,-0.4671460367639531,-0.5894744321009994,-0.5500582719713455,-0.4919896236009976,-0.4259053284912144,1.7408873630006307,-1.0355284261395092,1.8388969075787926,-1.2653801121974244,0.9977317283387073,-0.35850949675155724,-0.31716710585544566,1.210603938087476,0.7429491581460584,-0.21564522853358306,1.1576640720076616,0.5827233116083466,0.15155550225318135,1.5236233714659173,0.8816965973665969,0.8359531070119957,0.7696468838443482,0.12583831607323384,1.3157513378536967,0.2930957217925058,-5.233020376974404,2.5294827871245618,0.7515827549920999,-2.48739473545096,-1.8307541229581494,-0.34499006011460803,1.7070129765852877,0.10762474381422109,0.400652846961043,-2.2527268390517747,0.15999823918551867,2.6254188342790963,0.2881774380093117,0.07249065320890623,-0.2438662803471941,0.16340785397463747,3.4423099988225148,0.44017663184509115,0.47782964176866616,1.257136724858396,-0.08217292402892783,-1.3061745817880603,-0.25773906149208203,-0.4314852075923364,0.9735014807359202,-0.8201575445764797,1.6080561283093846,-2.148005033557272,-0.0004854392127598764,-3.2072417176735883,-0.33594760155117104,-0.22932246499393247,0.7364358123020437,-0.26658542310500344,2.739232426565748,-0.40297080900076027,-1.206440062684035,-4.204351485525668,-0.0377138447877509,-0.7322075229594142,-3.489787494316902,-0.5887966750533972,0.9425397936036661,0.14013298333499927,1.9882850322672265,0.13626997402009242,2.490058855267346,-0.0014774094578597521,0.5199594511383402,0.2790015451371179,1.1121785599878473,0.5815486608661747,0.03658807275987502,0.13916044293353555,-2.022376139944195,0.37108848653975496,-0.8327509879574919,-0.7360271601698849,-3.8451570915439426,0.003996992772675076,0.14574212376318435,1.056388353952785,-0.12502173439532624,-1.469425899778909,-0.009106660401257122,2.1432713133366152,0.9589506284434771,0.2532746361620282,0.05156329892197445,-0.0010783505786976118,0.0488820921805642,0.31573800396108026,-0.5664764319436261,-2.3152291442165,-0.0039056079515206823,-0.36271050453489795,2.9447544860312087,-3.755193559696679,0.0827079781355667,-3.0709705918296613,-0.10689714803448062,0.21021946233342223,-0.043225798785388875,0.38884842755045307,0.06015517393370815,0.187194503146667,0.15313006763927145,0.01165383881378382
MMRS65205033ST-27-0-0,0.20765632640815612,0.3555078189191324,0.39977162430339336,0.9575913178780767,0.4981538398499485,0.4981538398499485,-0.696692268479466,0.40637127688715774,0.5621940733997498,1.7883923248096367,0.40965362436334296,0.7029350233548073,0.8292814004884069,0.4355405266462447,-0.5043024763515651,0.30409393002749957,0.3340619316525473,0.632019806503461,0.6016064285778254,0.48580832882948527,2.169761546469871,1.2937094768634556,0.7925939239012171,0.8531653746270914,0.516558726289408,1.8590697541720143,0.6016064285778253,0.43873484351120123,0.37966319830099965,-1.5976381168611218,0.5743195381816405,-1.9950920171417519,-0.9689846736197243,0.7186222306940978,0.9463204468147677,-0.5955389715767277,-1.1304985209320695,0.34488074935770646,0.9728104405570004,0.6289709020331511,0.7471828481629895,0.6472977780031547,1.205863292497635,-1.3498971154211057,0.6998114534510217,0.953820966476532,0.693577366039446,-1.6212869667555554,-0.6503608134528632,0.7091957274840681,-0.4419209404939517,-1.2207358757861475,-1.9829369215765429,1.3976724838434158,0.7249313936680669,0.7729710710819387,1.1259916264596033,0.9575913178780767,1.7883923248096367,1.266936543449673,-0.8810356271024322,-1.205863292497635,0.9351677632315252,1.5091121081081782,0.46401616866730944,0.32302914123489945,0.6350707969408387,1.0158740079360236,0.8025041713186409,-1.6706420251266882,0.6780635036208104,0.9651730079945339,2.262848189276259,-0.8705087404087497,-1.0118816049667665,1.6293177280668143,-0.7664854858377945,0.9500640624960203,-0.4981538398499486,1.0907131485472212,0.9388724521901158,0.9921567416492215,-0.49507377148833714,-0.6534265774628635,1.1816202499510322,-0.6998114534510219,0.5803810000880093,-0.6472977780031546,-0.5985722763822894,-0.5439837932759934,-0.607677741238533,1.6706420251266885,-1.2775462231683072,0.7860244238600087,2.5878504008094634,1.158021513135569,-0.7860244238600087,-0.665719023448946,-0.37284507897355734,-0.8670202638526014,-0.35901098714230023,-0.4765009339934376,-0.4671460367639531,1.6964264190998228,-0.5500582719713455,-0.4919896236009976,-0.4259053284912144,0.5849105583147762,0.8559494224178997,-0.12365308375402448,0.7821798897506356,0.42915484678931287,0.08056563534636273,-0.31716710585544566,0.5029541924500961,-0.9172806051447052,-0.07388381003919481,-0.6731612318030548,-0.914863570266603,0.3952828080100195,0.40727267704981335,0.0686283403199079,0.46172488220050795,-0.06810659180065687,0.16624878207256924,-0.06497880875695128,1.910689387320313,2.760590464849115,0.796207901394591,-0.2556208717992821,0.9786616317601255,1.339045957791803,2.7683549661551603,0.5519836191145779,0.1592149168337264,0.051701163444731885,0.1475985665805742,-0.6162602162039857,-0.5174990394742752,0.2881774380093117,-2.445230118001528,0.3067968291702171,0.16340785397463747,0.3172843771056158,-0.5192661446196385,0.5438507777720417,-0.947467013456056,0.5773954734890735,-1.5560771005498346,0.8140572985888794,-0.4314852075923364,0.033383816083072386,1.2019684478964383,0.34892591697938613,0.005381800167479995,-0.0004854392127598764,1.1273413856961512,-0.33594760155117104,0.7143524278566041,1.093373073433722,-0.8544113154418694,-1.0344117362975862,-0.5008215393546686,-2.087425840474605,-0.7975219071442669,-3.46958112716426,-2.2315502912901697,0.1381765159557322,0.7396605731913642,1.2965083911437132,-1.2535734570324426,-1.129501780659381,-0.8333334031728277,0.028459575148514157,-0.010043695200055073,-1.6897370486338967,0.6399971455393446,-0.5605091960418606,0.9570346829957593,0.6171067074800842,0.5821143333743205,0.4390773072449429,-0.5366963061812389,0.18074942844497144,-0.2495183380650085,0.1413723002853744,-1.986713250648991,0.3519529662517054,0.5413924301377158,-0.12502173439532624,0.39805320586416415,-3.1093752782453534,0.330041418625249,-1.6414786602468066,0.2532746361620282,0.05156329892197445,-0.0010783505786976118,0.0488820921805642,-2.540331198675037,0.7349878665240687,1.846837548964253,-0.8433270621824056,1.967364657746039,0.01498793048386663,-0.14401893028258947,0.0827079781355667,0.06416253283864368,-0.10689714803448062,0.21021946233342223,-0.043225798785388875,-0.7862422612348303,0.06015517393370815,0.187194503146667,0.15313006763927145,2.450080874421729
MMRS68910755ST-27-0-0,0.20765632640815612,0.3555078189191324,0.39977162430339336,0.9575913178780767,0.4981538398499485,-2.0074120081082087,1.4353539507227553,0.40637127688715774,0.5621940733997498,-0.5591614245528839,0.40965362436334296,0.7029350233548073,-1.205863292497635,-2.2959975910857584,-0.5043024763515651,0.30409393002749957,0.3340619316525473,-1.5822288949017675,-1.6622162804409548,0.48580832882948527,2.169761546469871,-0.7729710710819389,-1.2616801237611213,0.8531653746270914,0.516558726289408,1.8590697541720143,0.6016064285778253,-2.2792810162898984,0.37966319830099965,0.6259239745510697,0.5743195381816405,0.5012300141587652,-0.9689846736197243,-1.3915517183960857,-1.056724498943157,-0.5955389715767277,0.8845655093608824,0.34488074935770646,0.9728104405570004,-1.5898986690282426,0.7471828481629895,0.6472977780031547,-0.8292814004884067,-1.3498971154211057,-1.4289563211185536,-1.0484147813337086,0.693577366039446,0.6167939547439611,-0.6503608134528632,0.7091957274840681,2.262848189276259,-1.2207358757861475,0.5043024763515651,-0.715475200062701,0.7249313936680669,0.7729710710819387,1.1259916264596033,0.9575913178780767,-0.5591614245528839,-0.7893055142897324,1.1350278799607911,-1.205863292497635,-1.069326851627609,1.5091121081081782,0.46401616866730944,0.32302914123489945,0.6350707969408387,-0.9843740386976972,0.8025041713186409,0.5985722763822894,0.6780635036208104,-1.0360836779696423,-0.4419209404939517,-0.8705087404087497,0.9882579099091767,-0.6137538325238135,1.3046561461068842,-1.0525606003586614,-0.4981538398499486,-0.9168313422570846,-1.0651074037450896,0.9921567416492215,-0.49507377148833714,1.530393826163022,1.1816202499510322,1.4289563211185534,0.5803810000880093,-0.6472977780031546,1.6706420251266885,1.8382900600361156,-0.607677741238533,-0.5985722763822894,-1.2775462231683072,0.7860244238600087,-0.3864211005733587,-0.8635418156371768,1.2722250984125916,-0.665719023448946,-0.37284507897355734,1.153375580354378,-0.35901098714230023,2.0986317731200335,-0.4671460367639531,-0.5894744321009994,-0.5500582719713455,-0.4919896236009976,-0.4259053284912144,-2.1747561593219613,-0.8186344043782708,-0.7301207825633774,2.6710045720597866,-0.413969731418291,-0.35850949675155724,-1.2715165131892014,1.3294760161560646,-2.9271481754377864,-0.21564522853358306,2.487141362159099,-7.335056424139255,-0.4737239830470987,0.19437238046894442,0.0686283403199079,-0.6480287405602746,1.8225460108350389,0.48440685848260406,-0.2252313848382877,-1.1466909425062186,-1.8218646446657507,-0.18463804797110417,0.29515352429508473,1.1217020184921573,-4.467108416559149,2.1939342390761634,-2.207371939100086,-0.09453250104413903,0.5055127327934185,1.2338636706554342,-1.5920873891396283,1.598532979803502,0.2881774380093117,0.4596186572250639,-0.2438662803471941,0.16340785397463747,-5.378811722393642,1.2703456903778625,-4.057695571890103,0.2894889753619467,1.6722574255856049,1.5228001504877278,0.49910992770790485,-0.4314852075923364,0.09800546972825085,0.5190260800964341,-2.8022400401851595,2.1954269142302265,-0.0004854392127598764,-1.868274120895314,-8.176802201290784,0.7143524278566041,-0.568434890018745,-0.26658542310500344,-1.460982506077987,-1.7584247846844583,2.149814970486684,2.7437669269965608,-0.0377138447877509,0.4843375777830918,3.161661438277342,0.7396605731913642,-0.1966678812242927,-3.159127620220152,2.6348670864261132,2.133508405472701,2.3981614281870103,0.3412087405459782,1.4749734798291223,0.37017973460847575,-2.499597568829605,0.5815486608661747,0.03658807275987502,0.5821143333743205,2.332739810957454,0.37108848653975496,1.4289525808289325,-0.05849025814880794,0.1413723002853744,0.003996992772675076,0.14574212376318435,3.662472211193694,-0.12502173439532624,1.2618521426855585,2.248463247087007,-0.40610952483821144,-0.6382558974959729,0.2532746361620282,1.0852023623772682,1.7402836509696826,0.0488820921805642,0.31573800396108026,0.7349878665240687,1.8096734640566927,-0.0039056079515206823,-0.36271050453489795,-0.33215481479001485,-0.14401893028258947,0.0827079781355667,-4.728639126267288,-0.10689714803448062,1.3315298126227932,-0.043225798785388875,0.38884842755045307,0.06015517393370815,0.187194503146667,0.15313006763927145,1.887366943127588
MMRS84159866ST-27-0-0,0.20765632640815612,0.3555078189191324,0.39977162430339336,0.9575913178780767,0.4981538398499485,0.4981538398499485,-0.696692268479466,0.40637127688715774,0.5621940733997498,-0.5591614245528839,0.40965362436334296,0.7029350233548073,0.8292814004884069,0.4355405266462447,-0.5043024763515651,0.30409393002749957,0.3340619316525473,0.632019806503461,0.6016064285778254,0.48580832882948527,2.169761546469871,1.2937094768634556,0.7925939239012171,0.8531653746270914,0.516558726289408,1.8590697541720143,0.6016064285778253,0.43873484351120123,0.37966319830099965,0.6259239745510697,0.5743195381816405,0.5012300141587652,-0.9689846736197243,0.7186222306940978,0.9463204468147677,-0.5955389715767277,-1.1304985209320695,-2.8995529668221978,0.9728104405570004,0.6289709020331511,0.7471828481629895,0.6472977780031547,-0.8292814004884067,0.7407971974871923,-1.4289563211185536,0.953820966476532,0.693577366039446,-1.6212869667555554,-0.6503608134528632,0.7091957274840681,-0.4419209404939517,0.8191780219091251,0.5043024763515651,-0.715475200062701,0.7249313936680669,0.7729710710819387,1.1259916264596033,0.9575913178780767,1.7883923248096367,-0.7893055142897324,1.1350278799607911,0.8292814004884069,-1.069326851627609,1.5091121081081782,0.46401616866730944,0.32302914123489945,0.6350707969408387,1.0158740079360236,0.8025041713186409,-1.6706420251266882,-1.4747881203752626,0.9651730079945339,2.262848189276259,1.1487535432791263,-1.0118816049667665,1.6293177280668143,1.3046561461068842,0.9500640624960203,-0.4981538398499486,-0.9168313422570846,0.9388724521901158,-1.0079052613579393,-0.49507377148833714,-0.6534265774628635,-0.8462955844243877,-0.6998114534510219,0.5803810000880093,1.5448840301675293,-0.5985722763822894,-0.5439837932759934,-0.607677741238533,-0.5985722763822894,-1.2775462231683072,0.7860244238600087,2.5878504008094634,-0.8635418156371768,1.2722250984125916,1.5021352323976216,-0.37284507897355734,-0.8670202638526014,-0.35901098714230023,-0.4765009339934376,-0.4671460367639531,-0.5894744321009994,1.817989203973091,2.0325631924526064,2.3479396314259255,1.146555678011933,-0.36306105892761875,1.494837955946247,-0.1610712463185789,0.20286339561245895,-0.39000507314545046,-0.31716710585544566,0.7547346703690601,1.0028303929713356,-0.21564522853358306,1.5571715591605928,1.4131147684043184,1.710316874198022,-0.1610221686470286,0.0686283403199079,-0.2071829105612273,-1.3473543309723495,0.3089388526326009,-0.28458154484302717,-0.64352915914826,3.055419499316042,1.9343720931305821,-0.40340157389006076,-0.328110493078653,1.0616627262108218,-4.864880156242525,0.2281758156346887,0.39976086000587524,-0.03132513195029824,-0.5130083063676437,0.0629328640339756,-0.7566001187443469,0.2881774380093117,-0.3723246131349225,-2.6472493911297987,0.16340785397463747,0.3172843771056158,0.23567442651766607,-0.09413426191334162,-0.514233733045552,-0.4214862697476015,0.7025488948295157,0.49910992770790485,-0.017393726305873585,0.09800546972825085,0.21069930044711874,0.9818935840253544,0.005381800167479995,-0.0004854392127598764,0.6064508097308163,-0.33594760155117104,-1.333848732464224,-1.0210471440516875,-0.26658542310500344,0.6485675169110964,0.19485386188294812,3.458876872310047,0.8111013094725864,2.4955849677109345,0.4843375777830918,1.7653950750294194,-1.377478338031317,-0.1966678812242927,-0.6954025144086959,-0.3982502220200143,-0.3411357063827737,0.4302972312933895,1.2180937345158922,-0.9964237208161665,0.6399971455393446,-0.0634935875073844,0.03019524851660137,3.2577374590565467,-1.0154714845104098,0.4390773072449429,-4.165484618784016,-1.182433606664072,-2.861967296256791,0.1413723002853744,0.003996992772675076,0.1958696347081333,-0.04908870993642331,-0.12502173439532624,0.39805320586416415,0.30457667769663727,0.330041418625249,1.039785886524635,-1.937599306552811,0.05156329892197445,-0.0010783505786976118,0.0488820921805642,0.31573800396108026,0.7349878665240687,0.4797881720390416,3.469535597921462,-0.36271050453489795,-0.9691841646975948,0.4647608665381706,0.0827079781355667,0.06416253283864368,-0.10689714803448062,0.21021946233342223,-0.043225798785388875,0.38884842755045307,-1.0898819247233453,-2.9016827001959995,-2.4404049294530554,0.38679645967654464
MMRS86958796ST-27-0-0,0.20765632640815612,0.3555078189191324,0.39977162430339336,0.9575913178780767,0.4981538398499485,0.4981538398499485,1.4353539507227553,0.40637127688715774,0.5621940733997498,1.7883923248096367,0.40965362436334296,0.7029350233548073,0.8292814004884069,0.4355405266462447,1.9829369215765427,0.30409393002749957,0.3340619316525473,0.632019806503461,0.6016064285778254,0.48580832882948527,-0.46088013755565277,1.2937094768634556,0.7925939239012171,0.8531653746270914,0.516558726289408,-0.5379034314101767,0.6016064285778253,0.43873484351120123,0.37966319830099965,0.6259239745510697,0.5743195381816405,0.5012300141587652,-0.9689846736197243,-1.3915517183960857,0.9463204468147677,1.6791512356486686,0.8845655093608824,0.34488074935770646,0.9728104405570004,0.6289709020331511,0.7471828481629895,0.6472977780031547,1.205863292497635,0.7407971974871923,0.6998114534510217,0.953820966476532,0.693577366039446,0.6167939547439611,1.5376080159117362,0.7091957274840681,-0.4419209404939517,0.8191780219091251,0.5043024763515651,1.3976724838434158,0.7249313936680669,0.7729710710819387,1.1259916264596033,0.9575913178780767,-0.5591614245528839,-0.7893055142897324,1.1350278799607911,0.8292814004884069,0.9351677632315252,1.5091121081081782,0.46401616866730944,0.32302914123489945,0.6350707969408387,1.0158740079360236,0.8025041713186409,0.5985722763822894,0.6780635036208104,0.9651730079945339,-0.4419209404939517,1.1487535432791263,-1.0118816049667665,-0.6137538325238135,1.3046561461068842,0.9500640624960203,-0.4981538398499486,1.0907131485472212,0.9388724521901158,0.9921567416492215,2.019900987672415,1.530393826163022,1.1816202499510322,1.4289563211185534,0.5803810000880093,1.5448840301675293,1.6706420251266885,1.8382900600361156,1.64560906568975,-0.5985722763822894,0.7827505430840739,0.7860244238600087,-0.3864211005733587,1.158021513135569,1.2722250984125916,1.5021352323976216,-0.37284507897355734,1.153375580354378,2.7854300726557777,2.0986317731200335,-0.4671460367639531,1.6964264190998228,1.817989203973091,2.0325631924526064,-0.4259053284912144,1.3795303444625848,1.5112685878698349,1.0765854715553353,0.13580346414361066,-1.4714169718017045,0.7221410933898801,-1.3223190276240315,1.3868303276773228,1.031694864564451,2.5464051660370304,1.4112592040282042,2.1658574859696134,1.1050706657958462,1.4558823605178846,-2.732224820082405,1.481385627141549,1.299502114254196,0.06639202709771662,-0.1849601051540111,1.4252576651003412,-0.156845642495021,1.6183029759103071,0.2485934600476343,1.5058117565856968,0.49899312733596274,-0.34499006011460803,-0.8473134235998393,0.6151608714067267,0.6903886266444883,1.7486415419831283,1.4062573619672887,1.505925111773927,0.2881774380093117,0.4596186572250639,1.2686221125814534,0.5346265737723561,2.388232911001889,1.8702144931792148,-4.644862118471297,0.7572968675716594,2.0100705820278475,-0.8602686068737079,-0.5218055023715243,0.7972420127132132,-1.4473172277047366,0.565638747404096,-1.6894976599800624,-0.9327995069624985,-1.9451869465683973,1.5836460753765582,-0.33594760155117104,0.4484608118425202,-0.05455418068599813,-2.803468596057635,-2.0015710171208436,-0.9793934453891621,-0.6140916944511985,2.1278726634865226,-0.0377138447877509,0.4843375777830918,-1.7895699140205483,-0.2691673892223504,1.3740907520338541,-2.0901166273126277,0.5457366361767921,0.24055801393197812,-0.5093430738307536,-1.7870946692678593,-1.38807322741615,0.0378384751650976,-0.6439099441715296,-0.5216729949445318,0.03658807275987502,-1.1265592270954203,0.4390773072449429,0.37108848653975496,-2.618159115775784,1.4237226851640985,0.1413723002853744,0.3590739503770372,2.174130310985969,1.1379368090015967,-6.206528428143681,-1.3303172666758816,0.5425886425157466,2.3421610086053293,1.1916858843328249,-4.362777271356814,2.312260336224281,1.5240475410039103,-3.0294545353059505,0.31573800396108026,-0.17233983291622051,-1.640281499864802,-0.0039056079515206823,-2.993018482019033,-0.813261389722721,-4.045632460009101,0.0827079781355667,2.4084829334716,-5.265917394293207,1.007517607757154,-0.043225798785388875,-2.929484965165697,-0.8426311849994649,-2.168999765765553,0.15313006763927145,-0.7386314029117378
MMRS88581325ST-27-0-0,0.20765632640815612,0.3555078189191324,0.39977162430339336,0.9575913178780767,0.4981538398499485,0.4981538398499485,-0.696692268479466,0.40637127688715774,0.5621940733997498,-0.5591614245528839,0.40965362436334296,0.7029350233548073,0.8292814004884069,0.4355405266462447,1.9829369215765427,0.30409393002749957,0.3340619316525473,0.632019806503461,0.6016064285778254,0.48580832882948527,-0.46088013755565277,1.2937094768634556,0.7925939239012171,0.8531653746270914,0.516558726289408,-0.5379034314101767,0.6016064285778253,0.43873484351120123,0.37966319830099965,0.6259239745510697,0.5743195381816405,0.5012300141587652,-0.9689846736197243,0.7186222306940978,0.9463204468147677,-0.5955389715767277,0.8845655093608824,0.34488074935770646,0.9728104405570004,0.6289709020331511,0.7471828481629895,0.6472977780031547,-0.8292814004884067,0.7407971974871923,0.6998114534510217,-1.0484147813337086,0.693577366039446,-1.6212869667555554,-0.6503608134528632,0.7091957274840681,-0.4419209404939517,0.8191780219091251,0.5043024763515651,1.3976724838434158,0.7249313936680669,-1.2937094768634554,1.1259916264596033,0.9575913178780767,1.7883923248096367,1.266936543449673,1.1350278799607911,0.8292814004884069,-1.069326851627609,1.5091121081081782,0.46401616866730944,0.32302914123489945,0.6350707969408387,1.0158740079360236,0.8025041713186409,0.5985722763822894,0.6780635036208104,0.9651730079945339,-0.4419209404939517,-0.8705087404087497,-1.0118816049667665,1.6293177280668143,1.3046561461068842,0.9500640624960203,2.0074120081082087,-0.9168313422570846,0.9388724521901158,0.9921567416492215,-0.49507377148833714,-0.6534265774628635,1.1816202499510322,-0.6998114534510219,0.5803810000880093,1.5448840301675293,1.6706420251266885,1.8382900600361156,-0.607677741238533,-0.5985722763822894,-1.2775462231683072,0.7860244238600087,-0.3864211005733587,-0.8635418156371768,1.2722250984125916,1.5021352323976216,-0.37284507897355734,-0.8670202638526014,2.7854300726557777,-0.4765009339934376,-0.4671460367639531,-0.5894744321009994,-0.5500582719713455,-0.4919896236009976,-0.4259053284912144,0.65567644203526,-0.6401598986441812,0.9404353086389403,-0.9117099498646349,0.6500266343141682,0.7379298144514999,-0.31716710585544566,0.3674561201599371,0.48928269832022575,-0.21564522853358306,0.5090737824201689,1.4320016326560558,1.4842819118826103,1.836411013567287,0.3712358108603215,-0.633389270709697,-0.08779506175652733,-0.021760234409709284,0.5742714995364705,-2.387368647022711,-0.156845642495021,2.1892620481790135,0.20929936736162832,-1.3405226557067382,-0.5784166497222045,-0.34499006011460803,-0.16031209726375997,0.2580053181143863,0.009566558988506979,-1.7388857862551548,1.2224542317831022,0.28016167205535847,0.2881774380093117,-1.6406922235680959,1.6253331442001455,0.16340785397463747,0.4462300201568884,-1.5919638066994473,0.628481907623422,0.2460991744524073,0.703992742230832,1.0916857750675162,0.49910992770790485,1.205941110738158,-0.8004669222777665,0.5190260800964341,-0.16804207548084016,0.005381800167479995,-0.0004854392127598764,0.18771477715310986,-0.33594760155117104,-0.7424564508204093,-0.587873262290437,-3.3985893688163444,0.8778946423422578,-0.40297080900076027,1.4184385139311249,1.5253609982825287,1.8338349639360423,-2.030296694560546,0.7866732010595148,-0.7897731632652896,-0.1966678812242927,-0.15377115294773935,-0.6568770735775027,-0.2096137108633445,1.1690899576117337,0.591157073154117,0.9355453956531959,-3.34056512465374,-0.8503227129628275,0.08911125770163493,0.03658807275987502,0.5821143333743205,0.4390773072449429,-3.9459283831169656,-0.9735409750050642,1.16613888489127,0.16659354282196742,0.003996992772675076,-0.8385745148989169,-0.0654406216952083,-0.12502173439532624,0.39805320586416415,-2.7728749817857223,0.330041418625249,0.6268747353252371,0.008947058367138954,-0.457766806879022,-1.5543417566913966,0.0488820921805642,0.31573800396108026,0.7349878665240687,0.55951908480656,-0.0039056079515206823,-0.36271050453489795,1.0208598565865556,0.6348156426447912,0.0827079781355667,0.06416253283864368,-1.6475402156980419,0.21021946233342223,-0.043225798785388875,0.38884842755045307,0.06015517393370815,0.187194503146667,0.15313006763927145,0.9495103909706859
MMRS92544445ST-27-0-0,0.20765632640815612,0.3555078189191324,-2.5014281634983764,-1.0442868281386433,-2.0074120081082087,0.4981538398499485,-0.696692268479466,0.40637127688715774,-1.7787451830516672,-0.5591614245528839,0.40965362436334296,-1.4226065948847293,0.8292814004884069,0.4355405266462447,-0.5043024763515651,0.30409393002749957,0.3340619316525473,0.632019806503461,0.6016064285778254,0.48580832882948527,-0.46088013755565277,-0.7729710710819389,-1.2616801237611213,0.8531653746270914,0.516558726289408,-0.5379034314101767,0.6016064285778253,0.43873484351120123,0.37966319830099965,-1.5976381168611218,0.5743195381816405,0.5012300141587652,-0.9689846736197243,0.7186222306940978,-1.056724498943157,-0.5955389715767277,-1.1304985209320695,0.34488074935770646,-1.0279494938679234,0.6289709020331511,0.7471828481629895,0.6472977780031547,-0.8292814004884067,0.7407971974871923,0.6998114534510217,0.953820966476532,-1.4418002215244243,0.6167939547439611,-0.6503608134528632,0.7091957274840681,-0.4419209404939517,0.8191780219091251,0.5043024763515651,1.3976724838434158,0.7249313936680669,0.7729710710819387,-0.8881060715737715,0.9575913178780767,-0.5591614245528839,-0.7893055142897324,1.1350278799607911,0.8292814004884069,0.9351677632315252,-0.6626412939285202,0.46401616866730944,0.32302914123489945,0.6350707969408387,-0.9843740386976972,0.8025041713186409,0.5985722763822894,0.6780635036208104,0.9651730079945339,-0.4419209404939517,1.1487535432791263,0.9882579099091767,-0.6137538325238135,-0.7664854858377945,0.9500640624960203,-0.4981538398499486,1.0907131485472212,-1.0651074037450896,0.9921567416492215,-0.49507377148833714,1.530393826163022,-0.8462955844243877,-0.6998114534510219,0.5803810000880093,1.5448840301675293,-0.5985722763822894,1.8382900600361156,-0.607677741238533,-0.5985722763822894,0.7827505430840739,-1.2722250984125916,-0.3864211005733587,1.158021513135569,1.2722250984125916,1.5021352323976216,-0.37284507897355734,1.153375580354378,-0.35901098714230023,-0.4765009339934376,-0.4671460367639531,-0.5894744321009994,1.817989203973091,2.0325631924526064,2.3479396314259255,-0.0929759378971099,-1.8624803360151185,-0.6333126847499883,-0.4060914323390292,-0.5090816959191894,-0.44844105710787396,-0.31716710585544566,1.6224083708398855,-0.6022394901432669,-0.21564522853358306,-0.40192072329836465,-0.4634026712342698,-5.401148645575621,-0.41677686231893474,0.0686283403199079,1.2075928429170981,0.6347072313965535,0.23548354519898837,-0.5852838537871848,-1.1861934309091984,-0.156845642495021,-0.18463804797110417,0.29515352429508473,0.8741525874032735,-4.001895552382251,-0.34499006011460803,0.9136903456466207,1.1763669931034837,0.12069565451779543,0.1475985665805742,3.276395650683119,0.7474580730216096,0.2881774380093117,-1.4242757277522522,-0.2438662803471941,0.16340785397463747,0.3172843771056158,0.2748475668895361,0.043748851544686704,0.7983131567234266,2.219591712764551,1.1363539268477867,0.49910992770790485,0.8711588205807902,2.15930001546346,-1.4144514169206484,-0.4253945044782261,-0.4668028041630632,-0.0004854392127598764,1.006363133147645,-0.33594760155117104,-0.47110185956797307,0.2835630569534629,2.2335509030439433,-4.562904245339091,-3.7042676887089008,-0.14038494358390033,2.164667514042999,-0.0377138447877509,0.4843375777830918,-4.189932276552218,-0.3843043676970622,0.5938831070653856,0.19422272045521913,1.0859680473052489,0.22625182528972673,1.136682972503021,0.3412087405459782,-0.6871949075184697,-0.14767464964976598,0.5678312530449953,-0.8041666981284774,0.03658807275987502,-1.0328837190483242,0.4861556597166038,0.37108848653975496,0.18074942844497144,0.8083995446169302,0.1413723002853744,0.9568519840883747,0.14574212376318435,0.9803318807581038,-0.12502173439532624,-3.7104939437086695,0.30457667769663727,0.330041418625249,-0.04885026223656299,-1.6289179355694579,0.05156329892197445,0.10482360254662591,0.0488820921805642,0.31573800396108026,1.1406562258430348,-0.41987427911447583,-0.0039056079515206823,1.656484853749477,-1.8732617963422928,1.6297052569427115,0.0827079781355667,1.361420173239061,-0.10689714803448062,0.21021946233342223,-0.043225798785388875,0.38884842755045307,2.826356608719149,1.9693045418127415,1.4212885802139728,0.8557247357549956
MMRS92546335ST-27-0-0,0.20765632640815612,0.3555078189191324,0.39977162430339336,0.9575913178780767,0.4981538398499485,0.4981538398499485,1.4353539507227553,0.40637127688715774,0.5621940733997498,-0.5591614245528839,0.40965362436334296,-1.4226065948847293,0.8292814004884069,-2.2959975910857584,-0.5043024763515651,0.30409393002749957,-2.993456916964981,0.632019806503461,0.6016064285778254,0.48580832882948527,-0.46088013755565277,1.2937094768634556,-1.2616801237611213,-1.17210570159049,-1.9358883106733893,-0.5379034314101767,0.6016064285778253,-2.2792810162898984,-2.633913438213185,0.6259239745510697,0.5743195381816405,0.5012300141587652,1.032008067025885,-1.3915517183960857,0.9463204468147677,-0.5955389715767277,-1.1304985209320695,0.34488074935770646,0.9728104405570004,-1.5898986690282426,0.7471828481629895,0.6472977780031547,1.205863292497635,-1.3498971154211057,0.6998114534510217,0.953820966476532,0.693577366039446,-1.6212869667555554,-0.6503608134528632,-1.4100479758212652,-0.4419209404939517,-1.2207358757861475,0.5043024763515651,-0.715475200062701,0.7249313936680669,0.7729710710819387,1.1259916264596033,0.9575913178780767,-0.5591614245528839,-0.7893055142897324,-0.8810356271024322,-1.205863292497635,-1.069326851627609,-0.6626412939285202,0.46401616866730944,0.32302914123489945,0.6350707969408387,1.0158740079360236,-1.2460994418967843,0.5985722763822894,0.6780635036208104,0.9651730079945339,2.262848189276259,1.1487535432791263,0.9882579099091767,1.6293177280668143,1.3046561461068842,-1.0525606003586614,2.0074120081082087,-0.9168313422570846,-1.0651074037450896,0.9921567416492215,2.019900987672415,-0.6534265774628635,-0.8462955844243877,-0.6998114534510219,0.5803810000880093,-0.6472977780031546,1.6706420251266885,1.8382900600361156,1.64560906568975,-0.5985722763822894,0.7827505430840739,0.7860244238600087,2.5878504008094634,-0.8635418156371768,1.2722250984125916,1.5021352323976216,-0.37284507897355734,-0.8670202638526014,-0.35901098714230023,-0.4765009339934376,-0.4671460367639531,-0.5894744321009994,-0.5500582719713455,-0.4919896236009976,-0.4259053284912144,1.2449323970601947,-0.7913659724110043,-2.9347315291340075,0.17599234491680993,-1.2708213569845848,1.8136134828308712,-3.4613996925486967,-0.07008006451803478,0.8850249934934608,-0.21564522853358306,-2.872689232644132,-0.4634026712342698,-4.440283367231237,0.19437238046894442,0.0686283403199079,-0.16684040592960578,0.34064637527595326,-2.3202307892569958,-2.036971735456782,-0.33412556870707316,-0.156845642495021,-1.6508862104990105,0.29515352429508473,0.00751136500252898,-0.2431373583515788,-0.34499006011460803,-2.8367943931952304,-0.09453250104413903,0.13219414668154292,1.6488534665421675,2.20413036742254,-1.9647045062848738,0.4213833370278375,0.4596186572250639,-1.1762148541474122,0.16340785397463747,0.3172843771056158,-0.4420190811489302,1.256716918175173,0.2894889753619467,-0.43196852127993435,0.6540897768055322,1.3426344559020733,-0.4314852075923364,-0.15507113353775479,-1.565607974760466,0.7252402106265412,0.005381800167479995,-0.0004854392127598764,-0.3434174848722414,-0.33594760155117104,0.7143524278566041,-1.3985436712742847,-0.26658542310500344,0.9606192889775448,2.3845675513908366,-2.4181620417644862,3.022517828717984,-0.0377138447877509,0.4843375777830918,0.1381765159557322,0.7396605731913642,-0.1966678812242927,0.19422272045521913,2.434583632208131,0.46262970557330996,2.5484176284423414,-0.761570667731096,0.5199594511383402,-0.1239559253005061,-1.1333373525396395,-0.9124461464447062,4.170995435742553,0.5725274652182448,1.1709110981003574,-0.892853914042002,1.10259616012792,-0.05849025814880794,-0.29293443189781593,0.003996992772675076,0.14574212376318435,-2.685095108699763,0.21509817066908016,0.39805320586416415,0.30457667769663727,0.330041418625249,0.8241080358234874,0.2532746361620282,2.3804659009177884,2.234105341411753,5.251442626517179,0.31573800396108026,2.297592539260648,-1.2390326684622799,-3.995332328680508,-0.36271050453489795,1.5465147282957548,-0.04719409467582407,0.0827079781355667,0.06416253283864368,-0.10689714803448062,0.21021946233342223,-0.043225798785388875,0.38884842755045307,0.06015517393370815,0.187194503146667,0.15313006763927145,-1.9578449207157105
MMRS93508324ST-27-0-0,0.20765632640815612,0.3555078189191324,0.39977162430339336,-1.0442868281386433,0.4981538398499485,-2.0074120081082087,-0.696692268479466,0.40637127688715774,0.5621940733997498,1.7883923248096367,0.40965362436334296,0.7029350233548073,0.8292814004884069,0.4355405266462447,1.9829369215765427,0.30409393002749957,0.3340619316525473,0.632019806503461,0.6016064285778254,0.48580832882948527,2.169761546469871,-0.7729710710819389,0.7925939239012171,0.8531653746270914,0.516558726289408,1.8590697541720143,0.6016064285778253,0.43873484351120123,0.37966319830099965,0.6259239745510697,0.5743195381816405,0.5012300141587652,-0.9689846736197243,0.7186222306940978,0.9463204468147677,-0.5955389715767277,-1.1304985209320695,0.34488074935770646,0.9728104405570004,0.6289709020331511,0.7471828481629895,0.6472977780031547,-0.8292814004884067,0.7407971974871923,-1.4289563211185536,-1.0484147813337086,0.693577366039446,0.6167939547439611,1.5376080159117362,0.7091957274840681,-0.4419209404939517,-1.2207358757861475,-1.9829369215765429,-0.715475200062701,0.7249313936680669,0.7729710710819387,1.1259916264596033,0.9575913178780767,1.7883923248096367,1.266936543449673,1.1350278799607911,-1.205863292497635,0.9351677632315252,1.5091121081081782,0.46401616866730944,0.32302914123489945,0.6350707969408387,1.0158740079360236,0.8025041713186409,-1.6706420251266882,0.6780635036208104,0.9651730079945339,-0.4419209404939517,-0.8705087404087497,-1.0118816049667665,1.6293177280668143,1.3046561461068842,0.9500640624960203,-0.4981538398499486,-0.9168313422570846,0.9388724521901158,-1.0079052613579393,-0.49507377148833714,-0.6534265774628635,1.1816202499510322,-0.6998114534510219,0.5803810000880093,-0.6472977780031546,1.6706420251266885,1.8382900600361156,1.64560906568975,-0.5985722763822894,0.7827505430840739,0.7860244238600087,2.5878504008094634,-0.8635418156371768,1.2722250984125916,1.5021352323976216,-0.37284507897355734,-0.8670202638526014,-0.35901098714230023,-0.4765009339934376,2.1406582124238294,-0.5894744321009994,-0.5500582719713455,-0.4919896236009976,-0.4259053284912144,0.6960123106454755,0.5215294408100967,0.058328604722752336,-0.4060914323390292,-0.11696614894664929,-0.35850949675155724,-0.31716710585544566,0.9878508318022953,0.23277217326378333,-0.3484526840565721,0.18154596590470887,-0.3283312928110444,1.9243542859781242,0.8397314116795894,-1.2067442036158313,0.23576296048227507,0.49499492276678486,-0.7180650996833188,0.543476894600806,-0.09508288850493246,2.626580668942481,-0.18463804797110417,-2.931677626139592,-0.8667636737124781,0.267826216366516,2.0183594115156316,1.0284981409233545,0.2451960587594085,-1.147293935983207,-3.3565537090159845,-1.1251782165249873,0.21701263936655468,0.2881774380093117,-0.10841265557214821,1.2331084134289396,0.16340785397463747,0.3172843771056158,-1.7539963910095187,0.6787348979175554,0.243731196449626,-0.6239844938233872,0.6203553808030006,0.49910992770790485,0.8322986539362079,0.09800546972825085,0.5190260800964341,-0.04811387175914504,-3.869405669197305,-0.034351426167571454,-0.21269371675535695,-0.33594760155117104,0.7143524278566041,1.093373073433722,-0.26658542310500344,0.3374070588094948,-0.572283235309457,1.9488316454713437,-1.2721674767612228,0.03669908162760277,-1.6452373356986871,0.2046801401224406,0.7396605731913642,0.5176904802946188,2.040485835264538,-0.4117264553159738,-0.8220210007448957,1.5728860460735357,-4.031477427031021,0.03411331579099276,0.6399971455393446,-0.8292629137503031,0.8275347793892809,0.03658807275987502,0.5821143333743205,0.4390773072449429,-0.9545534591714356,-0.19634456043316192,0.6458822017711526,0.1413723002853744,0.003996992772675076,-1.1950726135493448,-0.04908870993642331,-0.12502173439532624,0.39805320586416415,-2.5790798565895674,0.330041418625249,0.3834681152143649,0.2532746361620282,0.4405480182570519,-0.6158242356622651,0.5941800580686346,0.31573800396108026,-2.2772781057767197,1.4916194295713967,-0.519410906132435,-0.36271050453489795,1.6066555571282182,2.138360514048081,0.0827079781355667,0.06416253283864368,-0.10689714803448062,0.21021946233342223,0.4979637517122111,0.38884842755045307,0.06015517393370815,0.187194503146667,0.15313006763927145,0.7619390805393055
MMRS95674036ST-27-0-0,0.20765632640815612,0.3555078189191324,-2.5014281634983764,0.9575913178780767,-2.0074120081082087,0.4981538398499485,-0.696692268479466,0.40637127688715774,0.5621940733997498,-0.5591614245528839,-2.4410866657267705,-1.4226065948847293,-1.205863292497635,-2.2959975910857584,-0.5043024763515651,0.30409393002749957,0.3340619316525473,-1.5822288949017675,-1.6622162804409548,0.48580832882948527,-0.46088013755565277,-0.7729710710819389,-1.2616801237611213,-1.17210570159049,-1.9358883106733893,-0.5379034314101767,-1.6622162804409546,-2.2792810162898984,0.37966319830099965,0.6259239745510697,0.5743195381816405,-1.9950920171417519,-0.9689846736197243,-1.3915517183960857,-1.056724498943157,-0.5955389715767277,-1.1304985209320695,0.34488074935770646,-1.0279494938679234,0.6289709020331511,0.7471828481629895,0.6472977780031547,1.205863292497635,-1.3498971154211057,-1.4289563211185536,0.953820966476532,-1.4418002215244243,0.6167939547439611,-0.6503608134528632,-1.4100479758212652,-0.4419209404939517,-1.2207358757861475,0.5043024763515651,1.3976724838434158,0.7249313936680669,0.7729710710819387,-0.8881060715737715,0.9575913178780767,-0.5591614245528839,-0.7893055142897324,-0.8810356271024322,0.8292814004884069,-1.069326851627609,-0.6626412939285202,0.46401616866730944,0.32302914123489945,-1.574627592414956,-0.9843740386976972,-1.2460994418967843,0.5985722763822894,-1.4747881203752626,0.9651730079945339,-0.4419209404939517,-0.8705087404087497,0.9882579099091767,-0.6137538325238135,1.3046561461068842,-1.0525606003586614,-0.4981538398499486,-0.9168313422570846,-1.0651074037450896,-1.0079052613579393,2.019900987672415,1.530393826163022,1.1816202499510322,1.4289563211185534,0.5803810000880093,-0.6472977780031546,-0.5985722763822894,-0.5439837932759934,1.64560906568975,1.6706420251266885,0.7827505430840739,-1.2722250984125916,-0.3864211005733587,-0.8635418156371768,1.2722250984125916,1.5021352323976216,-0.37284507897355734,-0.8670202638526014,2.7854300726557777,-0.4765009339934376,-0.4671460367639531,-0.5894744321009994,1.817989203973091,2.0325631924526064,2.3479396314259255,0.7545040884268772,1.3185031473395727,-0.6333126847499883,2.4937832859894544,-0.5090816959191894,-0.3290807577284902,-0.31716710585544566,1.2935315237029468,0.2691357663246635,-0.21564522853358306,-0.7953642714150854,-0.4634026712342698,-0.4737239830470987,0.19437238046894442,0.0686283403199079,0.760393578374891,0.7415702299329772,0.48440685848260406,-0.2252313848382877,1.3803122103594496,-0.156845642495021,-0.18463804797110417,0.29515352429508473,0.00751136500252898,-0.2431373583515788,-0.34499006011460803,-0.5380182604803915,-0.09453250104413903,0.33132183526900844,-0.7512730522809763,2.833938503018497,-0.5174990394742752,0.2881774380093117,0.4596186572250639,-0.2438662803471941,0.16340785397463747,0.3172843771056158,1.1126117990877264,0.043748851544686704,-0.4452517750714826,-1.3519820525342896,0.8003964078159409,-0.11596689747888196,-0.4314852075923364,0.09800546972825085,1.2521940562394198,-0.4253945044782261,1.2691490808701327,-0.0004854392127598764,-0.3434174848722414,-0.33594760155117104,0.7143524278566041,-0.8932713247249849,-4.213380331946601,0.9430716174474706,-2.842289933539918,-0.14038494358390033,0.14929948361855327,-0.0377138447877509,0.4843375777830918,0.1381765159557322,-3.6965258047365315,-0.1966678812242927,0.19422272045521913,1.5448745357298774,-0.2241172343938296,-0.08173823973954061,0.3412087405459782,0.5199594511383402,-0.4435556512687988,-0.0634935875073844,-0.9528013156937847,0.03658807275987502,0.5821143333743205,0.8443197037863219,0.37108848653975496,1.051794186648238,-0.05849025814880794,0.1413723002853744,0.003996992772675076,0.14574212376318435,-0.04908870993642331,-2.385081009535573,2.0716477838817853,0.11643324494276393,2.3593425309088456,-1.7192032597621358,0.2532746361620282,0.05156329892197445,-0.0010783505786976118,1.4849588838472698,-0.8462866447286145,0.8714507024188564,-0.41987427911447583,-0.0039056079515206823,-0.36271050453489795,-2.6447524113090166,3.5758866797608158,0.0827079781355667,0.06416253283864368,3.142891953603655,0.21021946233342223,-0.043225798785388875,0.38884842755045307,-0.7475503853837348,-2.3085108767899576,-2.6072007416014826,0.48058211489223485
MMRS97052561ST-27-0-0,0.20765632640815612,0.3555078189191324,0.39977162430339336,0.9575913178780767,0.4981538398499485,-2.0074120081082087,-0.696692268479466,0.40637127688715774,0.5621940733997498,-0.5591614245528839,0.40965362436334296,0.7029350233548073,0.8292814004884069,0.4355405266462447,-0.5043024763515651,0.30409393002749957,0.3340619316525473,0.632019806503461,0.6016064285778254,0.48580832882948527,-0.46088013755565277,-0.7729710710819389,0.7925939239012171,0.8531653746270914,0.516558726289408,-0.5379034314101767,0.6016064285778253,0.43873484351120123,0.37966319830099965,-1.5976381168611218,0.5743195381816405,0.5012300141587652,-0.9689846736197243,0.7186222306940978,-1.056724498943157,-0.5955389715767277,0.8845655093608824,0.34488074935770646,0.9728104405570004,0.6289709020331511,0.7471828481629895,0.6472977780031547,-0.8292814004884067,0.7407971974871923,-1.4289563211185536,0.953820966476532,0.693577366039446,-1.6212869667555554,-0.6503608134528632,0.7091957274840681,-0.4419209404939517,0.8191780219091251,0.5043024763515651,-0.715475200062701,-1.3794408805226641,0.7729710710819387,1.1259916264596033,-1.0442868281386433,1.7883923248096367,-0.7893055142897324,-0.8810356271024322,0.8292814004884069,0.9351677632315252,-0.6626412939285202,0.46401616866730944,0.32302914123489945,0.6350707969408387,-0.9843740386976972,0.8025041713186409,0.5985722763822894,-1.4747881203752626,0.9651730079945339,-0.4419209404939517,-0.8705087404087497,0.9882579099091767,-0.6137538325238135,1.3046561461068842,0.9500640624960203,-0.4981538398499486,-0.9168313422570846,-1.0651074037450896,0.9921567416492215,-0.49507377148833714,-0.6534265774628635,1.1816202499510322,1.4289563211185534,0.5803810000880093,-0.6472977780031546,1.6706420251266885,-0.5439837932759934,-0.607677741238533,1.6706420251266885,0.7827505430840739,0.7860244238600087,-0.3864211005733587,1.158021513135569,1.2722250984125916,1.5021352323976216,-0.37284507897355734,-0.8670202638526014,-0.35901098714230023,-0.4765009339934376,2.1406582124238294,1.6964264190998228,-0.5500582719713455,-0.4919896236009976,-0.4259053284912144,-0.009637004378482281,-0.5063030967138934,-0.6339431074872088,-3.2441718904145467,0.9694647314710702,-0.35850949675155724,-0.31716710585544566,-2.479750933256442,-0.38542001963731226,-0.21564522853358306,0.4872380316433011,0.5463864823417953,0.8105904231382924,1.214990717044837,0.0686283403199079,2.2105290637863315,-0.41972778427296215,0.16995936797673367,-1.6032236509527098,-0.4738210646274928,-0.156845642495021,-0.18463804797110417,-1.415087528076036,-0.7886069776168873,-0.22967823882342092,-0.34499006011460803,1.2769454715241102,0.9701982453963096,-0.901430553468205,0.1475985665805742,1.7106900523839788,1.8516862184762286,0.2881774380093117,-0.149188920740053,-0.2438662803471941,0.16340785397463747,0.3482927762534404,0.7399574607729993,1.9452291781100053,1.9860328149802826,-0.2331252047087691,1.4953098678052734,0.49910992770790485,1.458800118392955,0.09800546972825085,-2.407515796708234,0.8317684534089236,0.005381800167479995,-0.0004854392127598764,0.2988391785703571,-0.33594760155117104,-1.0943083141323393,0.3416828189873411,-0.26658542310500344,-0.4365207864410551,-3.136149575963343,-5.371696254147985,-0.3686624587198658,1.0300135827925152,0.4843375777830918,0.1381765159557322,-0.07065515630266597,1.2727906474513992,0.19422272045521913,1.1949558935005806,0.291771375338596,2.0382116444836704,0.3412087405459782,1.627433477628763,0.31362697380095134,-0.0634935875073844,-0.4741494579962658,0.03658807275987502,0.5821143333743205,-2.431071061837967,0.37108848653975496,0.009677987277069202,0.3736215497307936,0.1413723002853744,0.003996992772675076,0.14574212376318435,2.0138200531164743,-0.12502173439532624,0.39805320586416415,1.5590683340256948,-0.6449871213250937,-0.24218717441395893,0.2532746361620282,0.3865444013494383,-0.0010783505786976118,0.0488820921805642,-0.008142536276645256,-0.17459624651585323,1.561809388657745,-0.0039056079515206823,-0.039255197036489664,-2.3775178126416447,-5.832537105742933,0.0827079781355667,0.06416253283864368,-0.10689714803448062,0.21021946233342223,4.545986094951566,0.10239059709119476,0.06015517393370815,0.187194503146667,0.15313006763927145,0.5743677701079251
MMRS99045180ST-27-0-0,0.20765632640815612,-2.8128776549566434,0.39977162430339336,-1.0442868281386433,-2.0074120081082087,-2.0074120081082087,-0.696692268479466,0.40637127688715774,0.5621940733997498,-0.5591614245528839,0.40965362436334296,0.7029350233548073,-1.205863292497635,-2.2959975910857584,-0.5043024763515651,0.30409393002749957,0.3340619316525473,0.632019806503461,-1.6622162804409548,0.48580832882948527,-0.46088013755565277,-0.7729710710819389,-1.2616801237611213,0.8531653746270914,-1.9358883106733893,-0.5379034314101767,0.6016064285778253,0.43873484351120123,0.37966319830099965,-1.5976381168611218,-1.7411909808364021,0.5012300141587652,-0.9689846736197243,-1.3915517183960857,-1.056724498943157,-0.5955389715767277,-1.1304985209320695,0.34488074935770646,-1.0279494938679234,0.6289709020331511,-1.33836048626997,-1.544884030167529,-0.8292814004884067,0.7407971974871923,0.6998114534510217,-1.0484147813337086,-1.4418002215244243,0.6167939547439611,-0.6503608134528632,0.7091957274840681,-0.4419209404939517,-1.2207358757861475,0.5043024763515651,-0.715475200062701,0.7249313936680669,0.7729710710819387,-0.8881060715737715,-1.0442868281386433,-0.5591614245528839,-0.7893055142897324,-0.8810356271024322,-1.205863292497635,0.9351677632315252,-0.6626412939285202,-2.1550973166992815,0.32302914123489945,-1.574627592414956,-0.9843740386976972,0.8025041713186409,0.5985722763822894,-1.4747881203752626,-1.0360836779696423,-0.4419209404939517,-0.8705087404087497,-1.0118816049667665,-0.6137538325238135,-0.7664854858377945,-1.0525606003586614,-0.4981538398499486,-0.9168313422570846,0.9388724521901158,-1.0079052613579393,-0.49507377148833714,1.530393826163022,-0.8462955844243877,-0.6998114534510219,0.5803810000880093,-0.6472977780031546,-0.5985722763822894,-0.5439837932759934,-0.607677741238533,-0.5985722763822894,-1.2775462231683072,-1.2722250984125916,-0.3864211005733587,-0.8635418156371768,-0.7860244238600087,-0.665719023448946,-0.37284507897355734,1.153375580354378,-0.35901098714230023,2.0986317731200335,-0.4671460367639531,-0.5894744321009994,-0.5500582719713455,-0.4919896236009976,-0.4259053284912144,-3.455058727329091,0.41103008113404077,0.21588559644697805,-0.4060914323390292,-0.5090816959191894,-0.35850949675155724,-0.31716710585544566,-3.205592718059642,0.22707632959150997,-0.21564522853358306,0.453155275464288,0.8351817419076993,-0.4737239830470987,0.19437238046894442,0.0686283403199079,-6.095357523530193,-1.2974414694343488,-0.7867906983939797,-0.2252313848382877,-1.5266081394770157,-0.156845642495021,-0.18463804797110417,0.29515352429508473,1.4356858113835018,-0.2431373583515788,-0.34499006011460803,1.2394056439805978,0.4981045645111431,-0.3551934451744713,0.1475985665805742,-0.15593542516575626,2.9673010610695374,0.2881774380093117,0.4596186572250639,-0.2438662803471941,0.16340785397463747,0.3172843771056158,0.3370382026303086,0.043748851544686704,-0.06220332126283155,0.2206956367725404,-0.5080418955306614,0.49910992770790485,0.5156895826703245,1.4529330352790444,0.5190260800964341,-0.4253945044782261,0.47353828920732455,-0.0004854392127598764,0.27942694155756703,-0.33594760155117104,0.7143524278566041,-0.05581491705341547,-0.26658542310500344,3.0482322727022324,-3.0318143394233004,-0.14038494358390033,-0.3686624587198658,-0.0377138447877509,0.4843375777830918,0.1381765159557322,0.7396605731913642,1.664897896712892,0.19422272045521913,-0.6758147473009098,-0.1369875318122493,-0.08173823973954061,0.3412087405459782,0.17177766453024584,0.4485332579741877,-0.0634935875073844,0.5815486608661747,0.03658807275987502,0.5821143333743205,0.4390773072449429,0.37108848653975496,0.18074942844497144,-0.05849025814880794,0.1413723002853744,0.003996992772675076,1.8318285376701982,-0.04908870993642331,-0.12502173439532624,-0.036445175171003735,0.30457667769663727,0.330041418625249,0.5308386798628703,0.2532746361620282,0.05156329892197445,-0.0010783505786976118,0.0488820921805642,0.31573800396108026,0.7349878665240687,-0.41987427911447583,-0.0039056079515206823,-0.36271050453489795,0.01498793048386663,-0.14401893028258947,0.0827079781355667,1.5537247258727493,-0.10689714803448062,0.3145466687762328,-0.043225798785388875,0.38884842755045307,0.06015517393370815,0.187194503146667,0.15313006763927145,0.38679645967654464
